  0.000000000000000E+000  0.000000000000000E+000  -1.79892727849869     
  0.000000000000000E+000  0.300499995549520       -1.74544870254455     
  0.000000000000000E+000  0.600999991099040       -1.43754541380483     
  0.000000000000000E+000  0.901499986648560       -1.08399761435712     
  0.000000000000000E+000   1.20199998219808      -0.810911692447149     
  0.000000000000000E+000   1.50249997774760      -0.616560995880641     
  0.000000000000000E+000   1.80299997329712      -0.478313472135791     
  0.000000000000000E+000   2.10349996884664      -0.377939246196924     
  0.000000000000000E+000   2.40399996439616      -0.302198236451362     
  0.000000000000000E+000   2.70449995994568      -0.245012558758510     
  0.000000000000000E+000   3.00499995549520      -0.205760386977407     
  0.000000000000000E+000   3.30549995104472      -0.186932072825173     
  0.000000000000000E+000   3.60599994659424      -0.180157008441107     
  0.000000000000000E+000   3.90649994214376      -0.150662433500406     
  0.000000000000000E+000   4.20699993769328      -0.128907480237478     
  0.000000000000000E+000   4.50749993324280      -0.113702275571446     
  0.000000000000000E+000   4.80799992879232      -0.103031890519924     
  0.000000000000000E+000   5.10849992434184      -9.482982721020360E-002
  0.000000000000000E+000   5.40899991989136      -8.832699111856261E-002
  0.000000000000000E+000   5.70949991544088      -8.387940309378118E-002
  0.000000000000000E+000   6.00999991099040      -8.080501004663995E-002
  0.000000000000000E+000   6.31049990653992      -7.777752392355165E-002
  0.000000000000000E+000   6.61099990208944      -7.336047421276438E-002
  0.000000000000000E+000   6.91149989763896      -6.846288738049157E-002
  0.000000000000000E+000   7.21199989318848      -6.437839187109118E-002
  0.300499995549520       0.000000000000000E+000  -1.74543025178559     
  0.300499995549520       0.300499995549520       -1.60684770807630     
  0.300499995549520       0.600999991099040       -1.32506835889510     
  0.300499995549520       0.901499986648560       -1.02295468506832     
  0.300499995549520        1.20199998219808      -0.778716365779968     
  0.300499995549520        1.50249997774760      -0.598769651795584     
  0.300499995549520        1.80299997329712      -0.468260666467350     
  0.300499995549520        2.10349996884664      -0.372593276738524     
  0.300499995549520        2.40399996439616      -0.300580062403720     
  0.300499995549520        2.70449995994568      -0.246388881655922     
  0.300499995549520        3.00499995549520      -0.210237333930651     
  0.300499995549520        3.30549995104472      -0.192739584262644     
  0.300499995549520        3.60599994659424      -0.181925016893261     
  0.300499995549520        3.90649994214376      -0.156597706561061     
  0.300499995549520        4.20699993769328      -0.132388613858089     
  0.300499995549520        4.50749993324280      -0.115397843149769     
  0.300499995549520        4.80799992879232      -0.103954494249891     
  0.300499995549520        5.10849992434184      -9.525632413169102E-002
  0.300499995549520        5.40899991989136      -8.850051165349801E-002
  0.300499995549520        5.70949991544088      -8.388281438267504E-002
  0.300499995549520        6.00999991099040      -8.054627810438542E-002
  0.300499995549520        6.31049990653992      -7.712578823681528E-002
  0.300499995549520        6.61099990208944      -7.206918337196325E-002
  0.300499995549520        6.91149989763896      -6.648443628387643E-002
  0.300499995549520        7.21199989318848      -6.507664958491746E-002
  0.600999991099040       0.000000000000000E+000  -1.43752142594953     
  0.600999991099040       0.300499995549520       -1.32505491324128     
  0.600999991099040       0.600999991099040       -1.10709676707851     
  0.600999991099040       0.901499986648560      -0.887222955149218     
  0.600999991099040        1.20199998219808      -0.699705525460796     
  0.600999991099040        1.50249997774760      -0.552702771203783     
  0.600999991099040        1.80299997329712      -0.441239334665507     
  0.600999991099040        2.10349996884664      -0.357521672159964     
  0.600999991099040        2.40399996439616      -0.294569225769085     
  0.600999991099040        2.70449995994568      -0.247171974996196     
  0.600999991099040        3.00499995549520      -0.215754152983532     
  0.600999991099040        3.30549995104472      -0.197734805122104     
  0.600999991099040        3.60599994659424      -0.182758682917084     
  0.600999991099040        3.90649994214376      -0.160438025452154     
  0.600999991099040        4.20699993769328      -0.136664664709042     
  0.600999991099040        4.50749993324280      -0.118302745807167     
  0.600999991099040        4.80799992879232      -0.105747420860812     
  0.600999991099040        5.10849992434184      -9.613983023322746E-002
  0.600999991099040        5.40899991989136      -8.900792446085283E-002
  0.600999991099040        5.70949991544088      -8.398882186211983E-002
  0.600999991099040        6.00999991099040      -8.013889854640681E-002
  0.600999991099040        6.31049990653992      -7.628844433631708E-002
  0.600999991099040        6.61099990208944      -7.156711018841723E-002
  0.600999991099040        6.91149989763896      -6.723600197982511E-002
  0.600999991099040        7.21199989318848      -6.498790648491094E-002
  0.901499986648560       0.000000000000000E+000  -1.08398131103185     
  0.901499986648560       0.300499995549520       -1.02294264250974     
  0.901499986648560       0.600999991099040      -0.887218217147112     
  0.901499986648560       0.901499986648560      -0.738445325512358     
  0.901499986648560        1.20199998219808      -0.604183094370285     
  0.901499986648560        1.50249997774760      -0.492705038109733     
  0.901499986648560        1.80299997329712      -0.404141290683036     
  0.901499986648560        2.10349996884664      -0.335468794148805     
  0.901499986648560        2.40399996439616      -0.282766043483717     
  0.901499986648560        2.70449995994568      -0.242973633976958     
  0.901499986648560        3.00499995549520      -0.214740755474065     
  0.901499986648560        3.30549995104472      -0.195132528700359     
  0.901499986648560        3.60599994659424      -0.177613537923969     
  0.901499986648560        3.90649994214376      -0.157471046375731     
  0.901499986648560        4.20699993769328      -0.136786705544604     
  0.901499986648560        4.50749993324280      -0.119606763138906     
  0.901499986648560        4.80799992879232      -0.106775802498772     
  0.901499986648560        5.10849992434184      -9.703889423632063E-002
  0.901499986648560        5.40899991989136      -8.966751629502548E-002
  0.901499986648560        5.70949991544088      -8.429893680584120E-002
  0.901499986648560        6.00999991099040      -8.000936079462864E-002
  0.901499986648560        6.31049990653992      -7.597643618082579E-002
  0.901499986648560        6.61099990208944      -7.182830694886849E-002
  0.901499986648560        6.91149989763896      -6.799397513653044E-002
  0.901499986648560        7.21199989318848      -6.457190267339680E-002
   1.20199998219808       0.000000000000000E+000 -0.810901147683264     
   1.20199998219808       0.300499995549520      -0.778707498975266     
   1.20199998219808       0.600999991099040      -0.699700059957815     
   1.20199998219808       0.901499986648560      -0.604180760318578     
   1.20199998219808        1.20199998219808      -0.511764546478586     
   1.20199998219808        1.50249997774760      -0.430883231942727     
   1.20199998219808        1.80299997329712      -0.363763399824350     
   1.20199998219808        2.10349996884664      -0.309564523264429     
   1.20199998219808        2.40399996439616      -0.266584300140565     
   1.20199998219808        2.70449995994568      -0.233274097396426     
   1.20199998219808        3.00499995549520      -0.207831256286413     
   1.20199998219808        3.30549995104472      -0.187823380222940     
   1.20199998219808        3.60599994659424      -0.169804828647573     
   1.20199998219808        3.90649994214376      -0.151600011877280     
   1.20199998219808        4.20699993769328      -0.134008456981965     
   1.20199998219808        4.50749993324280      -0.118864493112703     
   1.20199998219808        4.80799992879232      -0.106799730189325     
   1.20199998219808        5.10849992434184      -9.749999038841006E-002
   1.20199998219808        5.40899991989136      -9.030229714540021E-002
   1.20199998219808        5.70949991544088      -8.472706044884008E-002
   1.20199998219808        6.00999991099040      -8.010555976405632E-002
   1.20199998219808        6.31049990653992      -7.586195735950813E-002
   1.20199998219808        6.61099990208944      -7.175554179610753E-002
   1.20199998219808        6.91149989763896      -6.780712051009444E-002
   1.20199998219808        7.21199989318848      -6.391684564106213E-002
   1.50249997774760       0.000000000000000E+000 -0.616552941743547     
   1.50249997774760       0.300499995549520      -0.598762348979693     
   1.50249997774760       0.600999991099040      -0.552697133369439     
   1.50249997774760       0.901499986648560      -0.492701362246041     
   1.50249997774760        1.20199998219808      -0.430881480739920     
   1.50249997774760        1.50249997774760      -0.374003957583756     
   1.50249997774760        1.80299997329712      -0.324505266253252     
   1.50249997774760        2.10349996884664      -0.282675691999353     
   1.50249997774760        2.40399996439616      -0.248341601132737     
   1.50249997774760        2.70449995994568      -0.220638196297862     
   1.50249997774760        3.00499995549520      -0.198154169808255     
   1.50249997774760        3.30549995104472      -0.179148451542032     
   1.50249997774760        3.60599994659424      -0.161931298902780     
   1.50249997774760        3.90649994214376      -0.145597934861296     
   1.50249997774760        4.20699993769328      -0.130399553575330     
   1.50249997774760        4.50749993324280      -0.117104271012618     
   1.50249997774760        4.80799992879232      -0.106174618825366     
   1.50249997774760        5.10849992434184      -9.751763360548497E-002
   1.50249997774760        5.40899991989136      -9.065670834080634E-002
   1.50249997774760        5.70949991544088      -8.503586268682121E-002
   1.50249997774760        6.00999991099040      -8.016366845012178E-002
   1.50249997774760        6.31049990653992      -7.565599584277395E-002
   1.50249997774760        6.61099990208944      -7.134929447975231E-002
   1.50249997774760        6.91149989763896      -6.720630352861100E-002
   1.50249997774760        7.21199989318848      -6.317650694148118E-002
   1.80299997329712       0.000000000000000E+000 -0.478306314619549     
   1.80299997329712       0.300499995549520      -0.468253917444214     
   1.80299997329712       0.600999991099040      -0.441233523370241     
   1.80299997329712       0.901499986648560      -0.404136765794129     
   1.80299997329712        1.20199998219808      -0.363760381002536     
   1.80299997329712        1.50249997774760      -0.324503800816423     
   1.80299997329712        1.80299997329712      -0.288477324884544     
   1.80299997329712        2.10349996884664      -0.256829932030439     
   1.80299997329712        2.40399996439616      -0.229830561437615     
   1.80299997329712        2.70449995994568      -0.207041553362633     
   1.80299997329712        3.00499995549520      -0.187577733766954     
   1.80299997329712        3.30549995104472      -0.170407030194004     
   1.80299997329712        3.60599994659424      -0.154685057013194     
   1.80299997329712        3.90649994214376      -0.140051618582389     
   1.80299997329712        4.20699993769328      -0.126676718277833     
   1.80299997329712        4.50749993324280      -0.114963194395956     
   1.80299997329712        4.80799992879232      -0.105156426858593     
   1.80299997329712        5.10849992434184      -9.715493431869592E-002
   1.80299997329712        5.40899991989136      -9.057538536597765E-002
   1.80299997329712        5.70949991544088      -8.495395605453863E-002
   1.80299997329712        6.00999991099040      -7.991699602231563E-002
   1.80299997329712        6.31049990653992      -7.518925205501409E-002
   1.80299997329712        6.61099990208944      -7.069290504278945E-002
   1.80299997329712        6.91149989763896      -6.644052937634878E-002
   1.80299997329712        7.21199989318848      -6.242141789981014E-002
   2.10349996884664       0.000000000000000E+000 -0.377932627844047     
   2.10349996884664       0.300499995549520      -0.372586958224342     
   2.10349996884664       0.600999991099040      -0.357515909844478     
   2.10349996884664       0.901499986648560      -0.335463857134342     
   2.10349996884664        1.20199998219808      -0.309560642365581     
   2.10349996884664        1.50249997774760      -0.282673078117004     
   2.10349996884664        1.80299997329712      -0.256828674833875     
   2.10349996884664        2.10349996884664      -0.233166988670217     
   2.10349996884664        2.40399996439616      -0.212082731850677     
   2.10349996884664        2.70449995994568      -0.193434551614176     
   2.10349996884664        3.00499995549520      -0.176782030020786     
   2.10349996884664        3.30549995104472      -0.161624498358967     
   2.10349996884664        3.60599994659424      -0.147608211200131     
   2.10349996884664        3.90649994214376      -0.134647651474503     
   2.10349996884664        4.20699993769328      -0.122898512729664     
   2.10349996884664        4.50749993324280      -0.112585695821345     
   2.10349996884664        4.80799992879232      -0.103799737167748     
   2.10349996884664        5.10849992434184      -9.639778802319365E-002
   2.10349996884664        5.40899991989136      -9.005559370761849E-002
   2.10349996884664        5.70949991544088      -8.441283622216718E-002
   2.10349996884664        6.00999991099040      -7.920792821786193E-002
   2.10349996884664        6.31049990653992      -7.432621046510543E-002
   2.10349996884664        6.61099990208944      -6.976106398884593E-002
   2.10349996884664        6.91149989763896      -6.554645580904914E-002
   2.10349996884664        7.21199989318848      -6.168669402001083E-002
   2.40399996439616       0.000000000000000E+000 -0.302192007113099     
   2.40399996439616       0.300499995549520      -0.300574078164937     
   2.40399996439616       0.600999991099040      -0.294563593092390     
   2.40399996439616       0.901499986648560      -0.282760866824197     
   2.40399996439616        1.20199998219808      -0.266579853204282     
   2.40399996439616        1.50249997774760      -0.248338194717645     
   2.40399996439616        1.80299997329712      -0.229828371737203     
   2.40399996439616        2.10349996884664      -0.212081730596345     
   2.40399996439616        2.40399996439616      -0.195533189111225     
   2.40399996439616        2.70449995994568      -0.180240325993763     
   2.40399996439616        3.00499995549520      -0.166077917994295     
   2.40399996439616        3.30549995104472      -0.152893528129437     
   2.40399996439616        3.60599994659424      -0.140612131628647     
   2.40399996439616        3.90649994214376      -0.129277428806463     
   2.40399996439616        4.20699993769328      -0.119016926152867     
   2.40399996439616        4.50749993324280      -0.109943262371962     
   2.40399996439616        4.80799992879232      -0.102050120564669     
   2.40399996439616        5.10849992434184      -9.517335270353783E-002
   2.40399996439616        5.40899991989136      -8.904435888656190E-002
   2.40399996439616        5.70949991544088      -8.339967741798902E-002
   2.40399996439616        6.00999991099040      -7.807962064986639E-002
   2.40399996439616        6.31049990653992      -7.306934450731520E-002
   2.40399996439616        6.61099990208944      -6.848096080598913E-002
   2.40399996439616        6.91149989763896      -6.446926182138994E-002
   2.40399996439616        7.21199989318848      -6.101416041018529E-002
   2.70449995994568       0.000000000000000E+000 -0.245007098102240     
   2.70449995994568       0.300499995549520      -0.246383488358457     
   2.70449995994568       0.600999991099040      -0.247166493214613     
   2.70449995994568       0.901499986648560      -0.242968321898409     
   2.70449995994568        1.20199998219808      -0.233269336827139     
   2.70449995994568        1.50249997774760      -0.220634335091101     
   2.70449995994568        1.80299997329712      -0.207038778390153     
   2.70449995994568        2.10349996884664      -0.193432853518089     
   2.70449995994568        2.40399996439616      -0.180239563122629     
   2.70449995994568        2.70449995994568      -0.167623247825724     
   2.70449995994568        3.00499995549520      -0.155639518309337     
   2.70449995994568        3.30549995104472      -0.144320335314785     
   2.70449995994568        3.60599994659424      -0.133716680743272     
   2.70449995994568        3.90649994214376      -0.123908206786395     
   2.70449995994568        4.20699993769328      -0.114981070844945     
   2.70449995994568        4.50749993324280      -0.106976687675746     
   2.70449995994568        4.80799992879232      -9.984159300628105E-002
   2.70449995994568        5.10849992434184      -9.341909494589369E-002
   2.70449995994568        5.40899991989136      -8.749752849798731E-002
   2.70449995994568        5.70949991544088      -8.189001128946835E-002
   2.70449995994568        6.00999991099040      -7.649994911581658E-002
   2.70449995994568        6.31049990653992      -7.135291930042334E-002
   2.70449995994568        6.61099990208944      -6.670649650879953E-002
   2.70449995994568        6.91149989763896      -6.305035230785473E-002
   2.70449995994568        7.21199989318848      -6.034482113342712E-002
   3.00499995549520       0.000000000000000E+000 -0.205755916108096     
   3.00499995549520       0.300499995549520      -0.210232675300129     
   3.00499995549520       0.600999991099040      -0.215748750989637     
   3.00499995549520       0.901499986648560      -0.214735163541341     
   3.00499995549520        1.20199998219808      -0.207826223901486     
   3.00499995549520        1.50249997774760      -0.198150060375441     
   3.00499995549520        1.80299997329712      -0.187574637129223     
   3.00499995549520        2.10349996884664      -0.176779886604762     
   3.00499995549520        2.40399996439616      -0.166076594494971     
   3.00499995549520        2.70449995994568      -0.155638892607386     
   3.00499995549520        3.00499995549520      -0.145583789386889     
   3.00499995549520        3.30549995104472      -0.136000579194864     
   3.00499995549520        3.60599994659424      -0.126962484438622     
   3.00499995549520        3.90649994214376      -0.118532889600642     
   3.00499995549520        4.20699993769328      -0.110760654555972     
   3.00499995549520        4.50749993324280      -0.103653910133446     
   3.00499995549520        4.80799992879232      -9.715301450645783E-002
   3.00499995549520        5.10849992434184      -9.113151240850169E-002
   3.00499995549520        5.40899991989136      -8.543271174126761E-002
   3.00499995549520        5.70949991544088      -7.992085573113164E-002
   3.00499995549520        6.00999991099040      -7.450451312359657E-002
   3.00499995549520        6.31049990653992      -6.917260997974189E-002
   3.00499995549520        6.61099990208944      -6.444187596813689E-002
   3.00499995549520        6.91149989763896      -6.123366916056568E-002
   3.00499995549520        7.21199989318848      -5.963702096609839E-002
   3.30549995104472       0.000000000000000E+000 -0.186926840527405     
   3.30549995104472       0.300499995549520      -0.192733884154317     
   3.30549995104472       0.600999991099040      -0.197728090002748     
   3.30549995104472       0.901499986648560      -0.195125920503438     
   3.30549995104472        1.20199998219808      -0.187817818076069     
   3.30549995104472        1.50249997774760      -0.179144147243693     
   3.30549995104472        1.80299997329712      -0.170403764927848     
   3.30549995104472        2.10349996884664      -0.161622082627103     
   3.30549995104472        2.40399996439616      -0.152891798074924     
   3.30549995104472        2.70449995994568      -0.144319195399943     
   3.30549995104472        3.00499995549520      -0.136000009798908     
   3.30549995104472        3.30549995104472      -0.128005034003432     
   3.30549995104472        3.60599994659424      -0.120377955766194     
   3.30549995104472        3.90649994214376      -0.113149410523085     
   3.30549995104472        4.20699993769328      -0.106349493267958     
   3.30549995104472        4.50749993324280      -9.998653149942435E-002
   3.30549995104472        4.80799992879232      -9.402254136525703E-002
   3.30549995104472        5.10849992434184      -8.837343214407750E-002
   3.30549995104472        5.40899991989136      -8.293322237421297E-002
   3.30549995104472        5.70949991544088      -7.760246410719462E-002
   3.30549995104472        6.00999991099040      -7.226679493519414E-002
   3.30549995104472        6.31049990653992      -6.692871016818670E-002
   3.30549995104472        6.61099990208944      -6.220377014553363E-002
   3.30549995104472        6.91149989763896      -5.940991581274826E-002
   3.30549995104472        7.21199989318848      -5.872366023417409E-002
   3.60599994659424       0.000000000000000E+000 -0.180151582638521     
   3.60599994659424       0.300499995549520      -0.181916480270695     
   3.60599994659424       0.600999991099040      -0.182749180087069     
   3.60599994659424       0.901499986648560      -0.177605293726176     
   3.60599994659424        1.20199998219808      -0.169798597350393     
   3.60599994659424        1.50249997774760      -0.161926854729759     
   3.60599994659424        1.80299997329712      -0.154681742056651     
   3.60599994659424        2.10349996884664      -0.147605673140731     
   3.60599994659424        2.40399996439616      -0.140610155665959     
   3.60599994659424        2.70449995994568      -0.133715174923342     
   3.60599994659424        3.00499995549520      -0.126961459753566     
   3.60599994659424        3.30549995104472      -0.120377452964838     
   3.60599994659424        3.60599994659424      -0.113972608472070     
   3.60599994659424        3.90649994214376      -0.107757832946615     
   3.60599994659424        4.20699993769328      -0.101766050119789     
   3.60599994659424        4.50749993324280      -9.602638547987413E-002
   3.60599994659424        4.80799992879232      -9.053465457571887E-002
   3.60599994659424        5.10849992434184      -8.525025049471621E-002
   3.60599994659424        5.40899991989136      -8.011322485117554E-002
   3.60599994659424        5.70949991544088      -7.506528684595788E-002
   3.60599994659424        6.00999991099040      -7.002970490348166E-002
   3.60599994659424        6.31049990653992      -6.510044385375625E-002
   3.60599994659424        6.61099990208944      -6.092523794252452E-002
   3.60599994659424        6.91149989763896      -5.870968814674003E-002
   3.60599994659424        7.21199989318848      -5.737876357822901E-002
   3.90649994214376       0.000000000000000E+000 -0.150652093245222     
   3.90649994214376       0.300499995549520      -0.156585906794101     
   3.90649994214376       0.600999991099040      -0.160426482143055     
   3.90649994214376       0.901499986648560      -0.157461867949946     
   3.90649994214376        1.20199998219808      -0.151593631676852     
   3.90649994214376        1.50249997774760      -0.145593599490357     
   3.90649994214376        1.80299997329712      -0.140048445010514     
   3.90649994214376        2.10349996884664      -0.134645196983337     
   3.90649994214376        2.40399996439616      -0.129275438248778     
   3.90649994214376        2.70449995994568      -0.123906574738343     
   3.90649994214376        3.00499995549520      -0.118531630286947     
   3.90649994214376        3.30549995104472      -0.113148581991920     
   3.90649994214376        3.60599994659424      -0.107757450333628     
   3.90649994214376        3.90649994214376      -0.102377312040383     
   3.90649994214376        4.20699993769328      -9.705830972042091E-002
   3.90649994214376        4.50749993324280      -9.185533916500702E-002
   3.90649994214376        4.80799992879232      -8.679646093565896E-002
   3.90649994214376        5.10849992434184      -8.187674067051012E-002
   3.90649994214376        5.40899991989136      -7.707449946259146E-002
   3.90649994214376        5.70949991544088      -7.237891944881851E-002
   3.90649994214376        6.00999991099040      -6.780788942626718E-002
   3.90649994214376        6.31049990653992      -6.355576834718517E-002
   3.90649994214376        6.61099990208944      -6.021789223602881E-002
   3.90649994214376        6.91149989763896      -5.825474003655823E-002
   3.90649994214376        7.21199989318848      -5.596069076646157E-002
   4.20699993769328       0.000000000000000E+000 -0.128894815641856     
   4.20699993769328       0.300499995549520      -0.132376194953584     
   4.20699993769328       0.600999991099040      -0.136653722159675     
   4.20699993769328       0.901499986648560      -0.136778384496773     
   4.20699993769328        1.20199998219808      -0.134002882725294     
   4.20699993769328        1.50249997774760      -0.130395743979005     
   4.20699993769328        1.80299997329712      -0.126673982637657     
   4.20699993769328        2.10349996884664      -0.122896435347451     
   4.20699993769328        2.40399996439616      -0.119015238241475     
   4.20699993769328        2.70449995994568      -0.114979640669859     
   4.20699993769328        3.00499995549520      -0.110759469482889     
   4.20699993769328        3.30549995104472      -0.106348596858236     
   4.20699993769328        3.60599994659424      -0.101765469285287     
   4.20699993769328        3.90649994214376      -9.705802868203856E-002
   4.20699993769328        4.20699993769328      -9.230061800496017E-002
   4.20699993769328        4.50749993324280      -8.756947428747572E-002
   4.20699993769328        4.80799992879232      -8.291452568808193E-002
   4.20699993769328        5.10849992434184      -7.835294546877539E-002
   4.20699993769328        5.40899991989136      -7.388822590450494E-002
   4.20699993769328        5.70949991544088      -6.954465387331028E-002
   4.20699993769328        6.00999991099040      -6.540646273939689E-002
   4.20699993769328        6.31049990653992      -6.168360338603029E-002
   4.20699993769328        6.61099990208944      -5.872911418736455E-002
   4.20699993769328        6.91149989763896      -5.649949318647961E-002
   4.20699993769328        7.21199989318848      -5.394779143811211E-002
   4.50749993324280       0.000000000000000E+000 -0.113692397699237     
   4.50749993324280       0.300499995549520      -0.115388401208975     
   4.50749993324280       0.600999991099040      -0.118294700717862     
   4.50749993324280       0.901499986648560      -0.119600767354732     
   4.50749993324280        1.20199998219808      -0.118860314374045     
   4.50749993324280        1.50249997774760      -0.117101396955416     
   4.50749993324280        1.80299997329712      -0.114961237955589     
   4.50749993324280        2.10349996884664      -0.112584332881242     
   4.50749993324280        2.40399996439616      -0.109942228534290     
   4.50749993324280        2.70449995994568      -0.106975811232619     
   4.50749993324280        3.00499995549520      -0.103653120204123     
   4.50749993324280        3.30549995104472      -9.998582228339931E-002
   4.50749993324280        3.60599994659424      -9.602576946736893E-002
   4.50749993324280        3.90649994214376      -9.185483594154616E-002
   4.50749993324280        4.20699993769328      -8.756914637832224E-002
   4.50749993324280        4.50749993324280      -8.325677282438051E-002
   4.50749993324280        4.80799992879232      -7.897621856137417E-002
   4.50749993324280        5.10849992434184      -7.475350285437862E-002
   4.50749993324280        5.40899991989136      -7.060390496998843E-002
   4.50749993324280        5.70949991544088      -6.656585960555254E-002
   4.50749993324280        6.00999991099040      -6.272948555551787E-002
   4.50749993324280        6.31049990653992      -5.925017190623508E-002
   4.50749993324280        6.61099990208944      -5.628109274527265E-002
   4.50749993324280        6.91149989763896      -5.367885173413909E-002
   4.50749993324280        7.21199989318848      -5.092850764754887E-002
   4.80799992879232       0.000000000000000E+000 -0.103026439762319     
   4.80799992879232       0.300499995549520      -0.103949294888271     
   4.80799992879232       0.600999991099040      -0.105742942190313     
   4.80799992879232       0.901499986648560      -0.106772267417284     
   4.80799992879232        1.20199998219808      -0.106797170579394     
   4.80799992879232        1.50249997774760      -0.106172966066735     
   4.80799992879232        1.80299997329712      -0.105155531262443     
   4.80799992879232        2.10349996884664      -0.103799374184839     
   4.80799992879232        2.40399996439616      -0.102050034124548     
   4.80799992879232        2.70449995994568      -9.984155611421135E-002
   4.80799992879232        3.00499995549520      -9.715286662793512E-002
   4.80799992879232        3.30549995104472      -9.402219122812053E-002
   4.80799992879232        3.60599994659424      -9.053407296719281E-002
   4.80799992879232        3.90649994214376      -8.679569244981042E-002
   4.80799992879232        4.20699993769328      -8.291371825037219E-002
   4.80799992879232        4.50749993324280      -7.897563844777275E-002
   4.80799992879232        4.80799992879232      -7.503730768622865E-002
   4.80799992879232        5.10849992434184      -7.112566340545504E-002
   4.80799992879232        5.40899991989136      -6.726039246601037E-002
   4.80799992879232        5.70949991544088      -6.348076084028138E-002
   4.80799992879232        6.00999991099040      -5.985846473961569E-002
   4.80799992879232        6.31049990653992      -5.648352830196347E-002
   4.80799992879232        6.61099990208944      -5.341292717838127E-002
   4.80799992879232        6.91149989763896      -5.057915778863682E-002
   4.80799992879232        7.21199989318848      -4.777736083702066E-002
   5.10849992434184       0.000000000000000E+000 -9.482829285252835E-002
   5.10849992434184       0.300499995549520      -9.525478566579867E-002
   5.10849992434184       0.600999991099040      -9.613834879917846E-002
   5.10849992434184       0.901499986648560      -9.703758487470994E-002
   5.10849992434184        1.20199998219808      -9.749908138188997E-002
   5.10849992434184        1.50249997774760      -9.751730532550894E-002
   5.10849992434184        1.80299997329712      -9.715522066622652E-002
   5.10849992434184        2.10349996884664      -9.639856034359225E-002
   5.10849992434184        2.40399996439616      -9.517436460985701E-002
   5.10849992434184        2.70449995994568      -9.342005207153051E-002
   5.10849992434184        3.00499995549520      -9.113213459433434E-002
   5.10849992434184        3.30549995104472      -8.837350270174292E-002
   5.10849992434184        3.60599994659424      -8.524966650946947E-002
   5.10849992434184        3.90649994214376      -8.187556377808004E-002
   5.10849992434184        4.20699993769328      -7.835142469252249E-002
   5.10849992434184        4.50749993324280      -7.475204139652172E-002
   5.10849992434184        4.80799992879232      -7.112472869077816E-002
   5.10849992434184        5.10849992434184      -6.749629918525107E-002
   5.10849992434184        5.40899991989136      -6.388969776297923E-002
   5.10849992434184        5.70949991544088      -6.034021106989264E-002
   5.10849992434184        6.00999991099040      -5.689715730122627E-002
   5.10849992434184        6.31049990653992      -5.360769239958381E-002
   5.10849992434184        6.61099990208944      -5.049766951722263E-002
   5.10849992434184        6.91149989763896      -4.758067799549775E-002
   5.10849992434184        7.21199989318848      -4.482485602629589E-002
   5.40899991989136       0.000000000000000E+000 -8.832811506021215E-002
   5.40899991989136       0.300499995549520      -8.850153115916716E-002
   5.40899991989136       0.600999991099040      -8.900867632169869E-002
   5.40899991989136       0.901499986648560      -8.966806563865827E-002
   5.40899991989136        1.20199998219808      -9.030287102773668E-002
   5.40899991989136        1.50249997774760      -9.065757421901600E-002
   5.40899991989136        1.80299997329712      -9.057674856874490E-002
   5.40899991989136        2.10349996884664      -9.005742970710562E-002
   5.40899991989136        2.40399996439616      -8.904644122356729E-002
   5.40899991989136        2.70449995994568      -8.749949485411662E-002
   5.40899991989136        3.00499995549520      -8.543413531038294E-002
   5.40899991989136        3.30549995104472      -8.293370617475447E-002
   5.40899991989136        3.60599994659424      -8.011253987779050E-002
   5.40899991989136        3.90649994214376      -7.707271694874269E-002
   5.40899991989136        4.20699993769328      -7.388573625378050E-002
   5.40899991989136        4.50749993324280      -7.060129671764016E-002
   5.40899991989136        4.80799992879232      -6.725827335265182E-002
   5.40899991989136        5.10849992434184      -6.388853324490987E-002
   5.40899991989136        5.40899991989136      -6.052158342770714E-002
   5.40899991989136        5.70949991544088      -5.718827897549469E-002
   5.40899991989136        6.00999991099040      -5.391241648383641E-002
   5.40899991989136        6.31049990653992      -5.071090153334867E-002
   5.40899991989136        6.61099990208944      -4.763092659765435E-002
   5.40899991989136        6.91149989763896      -4.473310211557360E-002
   5.40899991989136        7.21199989318848      -4.208363314489523E-002
   5.70949991544088       0.000000000000000E+000 -8.388201153898775E-002
   5.70949991544088       0.300499995549520      -8.388526570171929E-002
   5.70949991544088       0.600999991099040      -8.399083919044312E-002
   5.70949991544088       0.901499986648560      -8.430052359364051E-002
   5.70949991544088        1.20199998219808      -8.472849771066797E-002
   5.70949991544088        1.50249997774760      -8.503751017604767E-002
   5.70949991544088        1.80299997329712      -8.495605895407393E-002
   5.70949991544088        2.10349996884664      -8.441546207996521E-002
   5.70949991544088        2.40399996439616      -8.340264447338810E-002
   5.70949991544088        2.70449995994568      -8.189291799076998E-002
   5.70949991544088        3.00499995549520      -7.992311341215659E-002
   5.70949991544088        3.30549995104472      -7.760339179871176E-002
   5.70949991544088        3.60599994659424      -7.506439781458303E-002
   5.70949991544088        3.90649994214376      -7.237628554266243E-002
   5.70949991544088        4.20699993769328      -6.954092883075545E-002
   5.70949991544088        4.50749993324280      -6.656192386868155E-002
   5.70949991544088        4.80799992879232      -6.347738552748519E-002
   5.70949991544088        5.10849992434184      -6.033789923160968E-002
   5.70949991544088        5.40899991989136      -5.718720483904038E-002
   5.70949991544088        5.70949991544088      -5.405350265228075E-002
   5.70949991544088        6.00999991099040      -5.092361952281531E-002
   5.70949991544088        6.31049990653992      -4.780190986660730E-002
   5.70949991544088        6.61099990208944      -4.474832035450621E-002
   5.70949991544088        6.91149989763896      -4.188286217584317E-002
   5.70949991544088        7.21199989318848      -3.934791804510940E-002
   6.00999991099040       0.000000000000000E+000 -8.080781883920146E-002
   6.00999991099040       0.300499995549520      -8.054899146229313E-002
   6.00999991099040       0.600999991099040      -8.014120378130657E-002
   6.00999991099040       0.901499986648560      -8.001116803468294E-002
   6.00999991099040        1.20199998219808      -8.010715405006187E-002
   6.00999991099040        1.50249997774760      -8.016547597605490E-002
   6.00999991099040        1.80299997329712      -7.991933197879904E-002
   6.00999991099040        2.10349996884664      -7.921092293146109E-002
   6.00999991099040        2.40399996439616      -7.808318234656163E-002
   6.00999991099040        2.70449995994568      -7.650374832315883E-002
   6.00999991099040        3.00499995549520      -7.450786230619889E-002
   6.00999991099040        3.30549995104472      -7.226848830705884E-002
   6.00999991099040        3.60599994659424      -7.002852406193091E-002
   6.00999991099040        3.90649994214376      -6.780389776681703E-002
   6.00999991099040        4.20699993769328      -6.540103979030959E-002
   6.00999991099040        4.50749993324280      -6.272407105623562E-002
   6.00999991099040        4.80799992879232      -5.985394360928376E-002
   6.00999991099040        5.10849992434184      -5.689395689528434E-002
   6.00999991099040        5.40899991989136      -5.391061968863289E-002
   6.00999991099040        5.70949991544088      -5.092296552198796E-002
   6.00999991099040        6.00999991099040      -4.788889384002898E-002
   6.00999991099040        6.31049990653992      -4.478613534099227E-002
   6.00999991099040        6.61099990208944      -4.167954187003194E-002
   6.00999991099040        6.91149989763896      -3.877466140828111E-002
   6.00999991099040        7.21199989318848      -3.634951841711630E-002
   6.31049990653992       0.000000000000000E+000 -7.777927487456253E-002
   6.31049990653992       0.300499995549520      -7.712776276615134E-002
   6.31049990653992       0.600999991099040      -7.629034629326491E-002
   6.31049990653992       0.901499986648560      -7.597787893034204E-002
   6.31049990653992        1.20199998219808      -7.586319100860529E-002
   6.31049990653992        1.50249997774760      -7.565747904617737E-002
   6.31049990653992        1.80299997329712      -7.519131660072101E-002
   6.31049990653992        2.10349996884664      -7.432907362679676E-002
   6.31049990653992        2.40399996439616      -7.307312293683693E-002
   6.31049990653992        2.70449995994568      -7.135767046122365E-002
   6.31049990653992        3.00499995549520      -6.917762186431259E-002
   6.31049990653992        3.30549995104472      -6.693160109460258E-002
   6.31049990653992        3.60599994659424      -6.509872238914048E-002
   6.31049990653992        3.90649994214376      -6.354954783346979E-002
   6.31049990653992        4.20699993769328      -6.167562056674956E-002
   6.31049990653992        4.50749993324280      -5.924302912694707E-002
   6.31049990653992        4.80799992879232      -5.647813721172207E-002
   6.31049990653992        5.10849992434184      -5.360404593700942E-002
   6.31049990653992        5.40899991989136      -5.070885087093806E-002
   6.31049990653992        5.70949991544088      -4.780107719953230E-002
   6.31049990653992        6.00999991099040      -4.478597416155194E-002
   6.31049990653992        6.31049990653992      -4.157786869374872E-002
   6.31049990653992        6.61099990208944      -3.822139338305401E-002
   6.31049990653992        6.91149989763896      -3.508075348798690E-002
   6.31049990653992        7.21199989318848      -3.274354612605557E-002
   6.61099990208944       0.000000000000000E+000 -7.336100751550784E-002
   6.61099990208944       0.300499995549520      -7.207062167301755E-002
   6.61099990208944       0.600999991099040      -7.156869808455875E-002
   6.61099990208944       0.901499986648560      -7.182920877677605E-002
   6.61099990208944        1.20199998219808      -7.175619578971820E-002
   6.61099990208944        1.50249997774760      -7.135020698465247E-002
   6.61099990208944        1.80299997329712      -7.069434904887280E-002
   6.61099990208944        2.10349996884664      -6.976326513093875E-002
   6.61099990208944        2.40399996439616      -6.848435702748995E-002
   6.61099990208944        2.70449995994568      -6.671163606794006E-002
   6.61099990208944        3.00499995549520      -6.444803186942087E-002
   6.61099990208944        3.30549995104472      -6.220797773210745E-002
   6.61099990208944        3.60599994659424      -6.092279540474498E-002
   6.61099990208944        3.90649994214376      -6.020889050915088E-002
   6.61099990208944        4.20699993769328      -5.871868620051689E-002
   6.61099990208944        4.50749993324280      -5.627259140954368E-002
   6.61099990208944        4.80799992879232      -5.340722658490923E-002
   6.61099990208944        5.10849992434184      -5.049414543800693E-002
   6.61099990208944        5.40899991989136      -4.762906504474490E-002
   6.61099990208944        5.70949991544088      -4.474764417108447E-002
   6.61099990208944        6.00999991099040      -4.167945994137071E-002
   6.61099990208944        6.31049990653992      -3.822133455174248E-002
   6.61099990208944        6.61099990208944      -3.432473726619184E-002
   6.61099990208944        6.91149989763896      -3.060257603700084E-002
   6.61099990208944        7.21199989318848      -2.834185897045961E-002
   6.91149989763896       0.000000000000000E+000 -6.846591542072185E-002
   6.91149989763896       0.300499995549520      -6.648713518414337E-002
   6.91149989763896       0.600999991099040      -6.723741036293147E-002
   6.91149989763896       0.901499986648560      -6.799431697197690E-002
   6.91149989763896        1.20199998219808      -6.780726850864384E-002
   6.91149989763896        1.50249997774760      -6.720664916241458E-002
   6.91149989763896        1.80299997329712      -6.644116975093686E-002
   6.91149989763896        2.10349996884664      -6.554751509196508E-002
   6.91149989763896        2.40399996439616      -6.447123221315221E-002
   6.91149989763896        2.70449995994568      -6.305371884310207E-002
   6.91149989763896        3.00499995549520      -6.123827215223333E-002
   6.91149989763896        3.30549995104472      -5.941367953099428E-002
   6.91149989763896        3.60599994659424      -5.870650178378747E-002
   6.91149989763896        3.90649994214376      -5.824460078778237E-002
   6.91149989763896        4.20699993769328      -5.648925668343218E-002
   6.91149989763896        4.50749993324280      -5.367119504546786E-002
   6.91149989763896        4.80799992879232      -5.057428945142048E-002
   6.91149989763896        5.10849992434184      -4.757792388450756E-002
   6.91149989763896        5.40899991989136      -4.473176687489448E-002
   6.91149989763896        5.70949991544088      -4.188245405026979E-002
   6.91149989763896        6.00999991099040      -3.877457042563955E-002
   6.91149989763896        6.31049990653992      -3.508023329217861E-002
   6.91149989763896        6.61099990208944      -3.060137877630781E-002
   6.91149989763896        6.91149989763896      -2.631040067872034E-002
   6.91149989763896        7.21199989318848      -2.420975618143759E-002
   7.21199989318848       0.000000000000000E+000 -6.438208661101920E-002
   7.21199989318848       0.300499995549520      -6.507781916924636E-002
   7.21199989318848       0.600999991099040      -6.498778729730116E-002
   7.21199989318848       0.901499986648560      -6.457177654492452E-002
   7.21199989318848        1.20199998219808      -6.391683943105970E-002
   7.21199989318848        1.50249997774760      -6.317649758870320E-002
   7.21199989318848        1.80299997329712      -6.242126407778177E-002
   7.21199989318848        2.10349996884664      -6.168632442259244E-002
   7.21199989318848        2.40399996439616      -6.101365052565273E-002
   7.21199989318848        2.70449995994568      -6.034403297704469E-002
   7.21199989318848        3.00499995549520      -5.963557314706901E-002
   7.21199989318848        3.30549995104472      -5.872108762295304E-002
   7.21199989318848        3.60599994659424      -5.737527412732852E-002
   7.21199989318848        3.90649994214376      -5.595610710906582E-002
   7.21199989318848        4.20699993769328      -5.394302584973278E-002
   7.21199989318848        4.50749993324280      -5.092464035033414E-002
   7.21199989318848        4.80799992879232      -4.777477939709961E-002
   7.21199989318848        5.10849992434184      -4.482342214596054E-002
   7.21199989318848        5.40899991989136      -4.208301464133819E-002
   7.21199989318848        5.70949991544088      -3.934776216865475E-002
   7.21199989318848        6.00999991099040      -3.634930165761411E-002
   7.21199989318848        6.31049990653992      -3.274254143238768E-002
   7.21199989318848        6.61099990208944      -2.833958832639434E-002
   7.21199989318848        6.91149989763896      -2.420793841391384E-002
   7.21199989318848        7.21199989318848      -2.232768781541488E-002
