  0.000000000000000E+000  0.000000000000000E+000 -0.478306314619550     
  0.000000000000000E+000  0.300499995549520      -0.459592750416466     
  0.000000000000000E+000  0.600999991099040      -0.413259424275236     
  0.000000000000000E+000  0.901499986648560      -0.351141759475686     
  0.000000000000000E+000   1.20199998219808      -0.303249548332075     
  0.000000000000000E+000   1.50249997774760      -0.268305512591245     
  0.000000000000000E+000   1.80299997329712      -0.240692792651211     
  0.000000000000000E+000   2.10349996884664      -0.216890759590650     
  0.000000000000000E+000   2.40399996439616      -0.195045341813811     
  0.000000000000000E+000   2.70449995994568      -0.175573386944148     
  0.000000000000000E+000   3.00499995549520      -0.160091955263399     
  0.000000000000000E+000   3.30549995104472      -0.151888103220063     
  0.000000000000000E+000   3.60599994659424      -0.146702283027524     
  0.000000000000000E+000   3.90649994214376      -0.132715859076609     
  0.000000000000000E+000   4.20699993769328      -0.119699339567093     
  0.000000000000000E+000   4.50749993324280      -0.106754379030395     
  0.000000000000000E+000   4.80799992879232      -9.585781541521014E-002
  0.000000000000000E+000   5.10849992434184      -8.716699897663795E-002
  0.000000000000000E+000   5.40899991989136      -8.049627886055229E-002
  0.000000000000000E+000   5.70949991544088      -7.579858325558533E-002
  0.000000000000000E+000   6.00999991099040      -7.261170824368954E-002
  0.000000000000000E+000   6.31049990653992      -7.017324758186712E-002
  0.000000000000000E+000   6.61099990208944      -6.763037233398880E-002
  0.000000000000000E+000   6.91149989763896      -6.507385048589867E-002
  0.000000000000000E+000   7.21199989318848      -6.240317938931931E-002
  0.300499995549520       0.000000000000000E+000 -0.483368414798034     
  0.300499995549520       0.300499995549520      -0.455173038042932     
  0.300499995549520       0.600999991099040      -0.422156702714566     
  0.300499995549520       0.901499986648560      -0.374703477144115     
  0.300499995549520        1.20199998219808      -0.330041812782173     
  0.300499995549520        1.50249997774760      -0.293005123064517     
  0.300499995549520        1.80299997329712      -0.261809994875721     
  0.300499995549520        2.10349996884664      -0.234351688388340     
  0.300499995549520        2.40399996439616      -0.209610222653728     
  0.300499995549520        2.70449995994568      -0.188003379489771     
  0.300499995549520        3.00499995549520      -0.170520719769900     
  0.300499995549520        3.30549995104472      -0.159577212609771     
  0.300499995549520        3.60599994659424      -0.151928511854391     
  0.300499995549520        3.90649994214376      -0.138696423632554     
  0.300499995549520        4.20699993769328      -0.124070528869527     
  0.300499995549520        4.50749993324280      -0.110498152660630     
  0.300499995549520        4.80799992879232      -9.926502037787283E-002
  0.300499995549520        5.10849992434184      -9.016541331481484E-002
  0.300499995549520        5.40899991989136      -8.305626556567669E-002
  0.300499995549520        5.70949991544088      -7.789505217855670E-002
  0.300499995549520        6.00999991099040      -7.414135526550562E-002
  0.300499995549520        6.31049990653992      -7.102624511963844E-002
  0.300499995549520        6.61099990208944      -6.770013327968662E-002
  0.300499995549520        6.91149989763896      -6.486017383692697E-002
  0.300499995549520        7.21199989318848      -6.355847744954944E-002
  0.600999991099040       0.000000000000000E+000 -0.482305977772175     
  0.600999991099040       0.300499995549520      -0.466955704104135     
  0.600999991099040       0.600999991099040      -0.436151150233527     
  0.600999991099040       0.901499986648560      -0.396160804462259     
  0.600999991099040        1.20199998219808      -0.353946095028339     
  0.600999991099040        1.50249997774760      -0.314931485346163     
  0.600999991099040        1.80299997329712      -0.280293495213617     
  0.600999991099040        2.10349996884664      -0.249661055520900     
  0.600999991099040        2.40399996439616      -0.222958516344531     
  0.600999991099040        2.70449995994568      -0.200371344667814     
  0.600999991099040        3.00499995549520      -0.181769934313658     
  0.600999991099040        3.30549995104472      -0.167741666512216     
  0.600999991099040        3.60599994659424      -0.155978816256947     
  0.600999991099040        3.90649994214376      -0.142300340862315     
  0.600999991099040        4.20699993769328      -0.127358018522987     
  0.600999991099040        4.50749993324280      -0.113645565889316     
  0.600999991099040        4.80799992879232      -0.102365687912200     
  0.600999991099040        5.10849992434184      -9.299780179884717E-002
  0.600999991099040        5.40899991989136      -8.557156732537925E-002
  0.600999991099040        5.70949991544088      -7.993957247355632E-002
  0.600999991099040        6.00999991099040      -7.559183771147082E-002
  0.600999991099040        6.31049990653992      -7.190447936613961E-002
  0.600999991099040        6.61099990208944      -6.839326729499975E-002
  0.600999991099040        6.91149989763896      -6.544512962639523E-002
  0.600999991099040        7.21199989318848      -6.294546938504716E-002
  0.901499986648560       0.000000000000000E+000 -0.515392159203686     
  0.901499986648560       0.300499995549520      -0.500925007387380     
  0.901499986648560       0.600999991099040      -0.465969229201630     
  0.901499986648560       0.901499986648560      -0.422077193736076     
  0.901499986648560        1.20199998219808      -0.376589056815065     
  0.901499986648560        1.50249997774760      -0.333714545025994     
  0.901499986648560        1.80299997329712      -0.295274786453859     
  0.901499986648560        2.10349996884664      -0.261714191131011     
  0.901499986648560        2.40399996439616      -0.233609307069864     
  0.901499986648560        2.70449995994568      -0.210085979260251     
  0.901499986648560        3.00499995549520      -0.190292489018733     
  0.901499986648560        3.30549995104472      -0.173649191198957     
  0.901499986648560        3.60599994659424      -0.158744798160300     
  0.901499986648560        3.90649994214376      -0.143903695686173     
  0.901499986648560        4.20699993769328      -0.129217632191953     
  0.901499986648560        4.50749993324280      -0.115970497310631     
  0.901499986648560        4.80799992879232      -0.104849383057470     
  0.901499986648560        5.10849992434184      -9.554957924671117E-002
  0.901499986648560        5.40899991989136      -8.789155026443193E-002
  0.901499986648560        5.70949991544088      -8.184626494430909E-002
  0.901499986648560        6.00999991099040      -7.694211763269826E-002
  0.901499986648560        6.31049990653992      -7.272758025147708E-002
  0.901499986648560        6.61099990208944      -6.889252349224875E-002
  0.901499986648560        6.91149989763896      -6.532813282130961E-002
  0.901499986648560        7.21199989318848      -6.167881997355445E-002
   1.20199998219808       0.000000000000000E+000 -0.543091358934270     
   1.20199998219808       0.300499995549520      -0.529220760951699     
   1.20199998219808       0.600999991099040      -0.492871459449662     
   1.20199998219808       0.901499986648560      -0.445345584588738     
   1.20199998219808        1.20199998219808      -0.395380024244644     
   1.20199998219808        1.50249997774760      -0.348076605938908     
   1.20199998219808        1.80299997329712      -0.305883894566182     
   1.20199998219808        2.10349996884664      -0.270200538238245     
   1.20199998219808        2.40399996439616      -0.240882374173471     
   1.20199998219808        2.70449995994568      -0.216250030193517     
   1.20199998219808        3.00499995549520      -0.195220414333162     
   1.20199998219808        3.30549995104472      -0.176926574620089     
   1.20199998219808        3.60599994659424      -0.160360749958133     
   1.20199998219808        3.90649994214376      -0.144824525293773     
   1.20199998219808        4.20699993769328      -0.130415878987348     
   1.20199998219808        4.50749993324280      -0.117681287485661     
   1.20199998219808        4.80799992879232      -0.106817200440813     
   1.20199998219808        5.10849992434184      -9.766157205446967E-002
   1.20199998219808        5.40899991989136      -8.994311959637889E-002
   1.20199998219808        5.70949991544088      -8.353071467435323E-002
   1.20199998219808        6.00999991099040      -7.809487937728174E-002
   1.20199998219808        6.31049990653992      -7.329862505767755E-002
   1.20199998219808        6.61099990208944      -6.890355279406106E-002
   1.20199998219808        6.91149989763896      -6.472430811108816E-002
   1.20199998219808        7.21199989318848      -6.056387891677145E-002
   1.50249997774760       0.000000000000000E+000 -0.556267319728493     
   1.50249997774760       0.300499995549520      -0.543120760515583     
   1.50249997774760       0.600999991099040      -0.507656150426694     
   1.50249997774760       0.901499986648560      -0.459137411437801     
   1.50249997774760        1.20199998219808      -0.406474287848007     
   1.50249997774760        1.50249997774760      -0.355844943187054     
   1.50249997774760        1.80299997329712      -0.311280933393495     
   1.50249997774760        2.10349996884664      -0.274716663925134     
   1.50249997774760        2.40399996439616      -0.244462253580173     
   1.50249997774760        2.70449995994568      -0.219040720135591     
   1.50249997774760        3.00499995549520      -0.197292179938130     
   1.50249997774760        3.30549995104472      -0.178233620391139     
   1.50249997774760        3.60599994659424      -0.161096545873068     
   1.50249997774760        3.90649994214376      -0.145476976081700     
   1.50249997774760        4.20699993769328      -0.131387128209376     
   1.50249997774760        4.50749993324280      -0.119011393955430     
   1.50249997774760        4.80799992879232      -0.108398035241426     
   1.50249997774760        5.10849992434184      -9.937254141485823E-002
   1.50249997774760        5.40899991989136      -9.164243235091411E-002
   1.50249997774760        5.70949991544088      -8.493782456090079E-002
   1.50249997774760        6.00999991099040      -7.902458506864574E-002
   1.50249997774760        6.31049990653992      -7.368123930102520E-002
   1.50249997774760        6.61099990208944      -6.876195796579092E-002
   1.50249997774760        6.91149989763896      -6.415662930678905E-002
   1.50249997774760        7.21199989318848      -5.978094884783164E-002
   1.80299997329712       0.000000000000000E+000 -0.554657092374888     
   1.80299997329712       0.300499995549520      -0.542371295097974     
   1.80299997329712       0.600999991099040      -0.507791760383421     
   1.80299997329712       0.901499986648560      -0.459733159700702     
   1.80299997329712        1.20199998219808      -0.406325602184353     
   1.80299997329712        1.50249997774760      -0.355230225294412     
   1.80299997329712        1.80299997329712      -0.311576918619901     
   1.80299997329712        2.10349996884664      -0.274863583061770     
   1.80299997329712        2.40399996439616      -0.244177753887789     
   1.80299997329712        2.70449995994568      -0.218532916185007     
   1.80299997329712        3.00499995549520      -0.196802291148197     
   1.80299997329712        3.30549995104472      -0.177888352330233     
   1.80299997329712        3.60599994659424      -0.160973776113638     
   1.80299997329712        3.90649994214376      -0.145670624721652     
   1.80299997329712        4.20699993769328      -0.131956985810144     
   1.80299997329712        4.50749993324280      -0.119934392159350     
   1.80299997329712        4.80799992879232      -0.109585363738124     
   1.80299997329712        5.10849992434184      -0.100694230972574     
   1.80299997329712        5.40899991989136      -9.293629837925543E-002
   1.80299997329712        5.70949991544088      -8.601565606653368E-002
   1.80299997329712        6.00999991099040      -7.972872627462331E-002
   1.80299997329712        6.31049990653992      -7.395269366496980E-002
   1.80299997329712        6.61099990208944      -6.864622557365685E-002
   1.80299997329712        6.91149989763896      -6.377824857849651E-002
   1.80299997329712        7.21199989318848      -5.931605216384400E-002
   2.10349996884664       0.000000000000000E+000 -0.541092024310866     
   2.10349996884664       0.300499995549520      -0.527788941691137     
   2.10349996884664       0.600999991099040      -0.493328785606410     
   2.10349996884664       0.901499986648560      -0.445372361031402     
   2.10349996884664        1.20199998219808      -0.395445847903812     
   2.10349996884664        1.50249997774760      -0.348544491183434     
   2.10349996884664        1.80299997329712      -0.306622519536579     
   2.10349996884664        2.10349996884664      -0.270450183852629     
   2.10349996884664        2.40399996439616      -0.240094081015770     
   2.10349996884664        2.70449995994568      -0.214957899438056     
   2.10349996884664        3.00499995549520      -0.193941796071003     
   2.10349996884664        3.30549995104472      -0.175822953463068     
   2.10349996884664        3.60599994659424      -0.159666002261453     
   2.10349996884664        3.90649994214376      -0.145029125956910     
   2.10349996884664        4.20699993769328      -0.131876826694143     
   2.10349996884664        4.50749993324280      -0.120303909326940     
   2.10349996884664        4.80799992879232      -0.110278129972918     
   2.10349996884664        5.10849992434184      -0.101559872980920     
   2.10349996884664        5.40899991989136      -9.380497023663688E-002
   2.10349996884664        5.70949991544088      -8.672525678289367E-002
   2.10349996884664        6.00999991099040      -8.017382732353523E-002
   2.10349996884664        6.31049990653992      -7.411772044112233E-002
   2.10349996884664        6.61099990208944      -6.857027324273006E-002
   2.10349996884664        6.91149989763896      -6.358069549454916E-002
   2.10349996884664        7.21199989318848      -5.911823785516080E-002
   2.40399996439616       0.000000000000000E+000 -0.525899102360699     
   2.40399996439616       0.300499995549520      -0.511132810992602     
   2.40399996439616       0.600999991099040      -0.473412408868244     
   2.40399996439616       0.901499986648560      -0.427382361948164     
   2.40399996439616        1.20199998219808      -0.380705289278423     
   2.40399996439616        1.50249997774760      -0.336499820532272     
   2.40399996439616        1.80299997329712      -0.296469203236116     
   2.40399996439616        2.10349996884664      -0.261716862367980     
   2.40399996439616        2.40399996439616      -0.232647982869771     
   2.40399996439616        2.70449995994568      -0.208822621240060     
   2.40399996439616        3.00499995549520      -0.189128928957122     
   2.40399996439616        3.30549995104472      -0.172254220098943     
   2.40399996439616        3.60599994659424      -0.157183347395793     
   2.40399996439616        3.90649994214376      -0.143444434732877     
   2.40399996439616        4.20699993769328      -0.131010270265665     
   2.40399996439616        4.50749993324280      -0.119992419343840     
   2.40399996439616        4.80799992879232      -0.110362324519165     
   2.40399996439616        5.10849992434184      -0.101871716800788     
   2.40399996439616        5.40899991989136      -9.417415171878170E-002
   2.40399996439616        5.70949991544088      -8.700611153574686E-002
   2.40399996439616        6.00999991099040      -8.027997405048155E-002
   2.40399996439616        6.31049990653992      -7.404576239062442E-002
   2.40399996439616        6.61099990208944      -6.839439101400016E-002
   2.40399996439616        6.91149989763896      -6.340272910102886E-002
   2.40399996439616        7.21199989318848      -5.909659083501783E-002
   2.70449995994568       0.000000000000000E+000 -0.513908855869792     
   2.70449995994568       0.300499995549520      -0.498968660657318     
   2.70449995994568       0.600999991099040      -0.459910935874292     
   2.70449995994568       0.901499986648560      -0.409708510608848     
   2.70449995994568        1.20199998219808      -0.361902514074638     
   2.70449995994568        1.50249997774760      -0.319425580579489     
   2.70449995994568        1.80299997329712      -0.281804727710141     
   2.70449995994568        2.10349996884664      -0.249471338740935     
   2.70449995994568        2.40399996439616      -0.222647162323591     
   2.70449995994568        2.70449995994568      -0.200837389827113     
   2.70449995994568        3.00499995549520      -0.182902282810064     
   2.70449995994568        3.30549995104472      -0.167517386781199     
   2.70449995994568        3.60599994659424      -0.153678362946457     
   2.70449995994568        3.90649994214376      -0.140943664457755     
   2.70449995994568        4.20699993769328      -0.129319781623594     
   2.70449995994568        4.50749993324280      -0.118937085247268     
   2.70449995994568        4.80799992879232      -0.109767699694282     
   2.70449995994568        5.10849992434184      -0.101560580442800     
   2.70449995994568        5.40899991989136      -9.398152951867160E-002
   2.70449995994568        5.70949991544088      -8.680198223013597E-002
   2.70449995994568        6.00999991099040      -7.998340055471762E-002
   2.70449995994568        6.31049990653992      -7.361539897266871E-002
   2.70449995994568        6.61099990208944      -6.787044897144864E-002
   2.70449995994568        6.91149989763896      -6.306549297389062E-002
   2.70449995994568        7.21199989318848      -5.918084296656607E-002
   3.00499995549520       0.000000000000000E+000 -0.490346231945055     
   3.00499995549520       0.300499995549520      -0.475160869405557     
   3.00499995549520       0.600999991099040      -0.435845747234367     
   3.00499995549520       0.901499986648560      -0.386503039526431     
   3.00499995549520        1.20199998219808      -0.338846006919402     
   3.00499995549520        1.50249997774760      -0.298443114099270     
   3.00499995549520        1.80299997329712      -0.263999729759171     
   3.00499995549520        2.10349996884664      -0.234948124778678     
   3.00499995549520        2.40399996439616      -0.211073630062339     
   3.00499995549520        2.70449995994568      -0.191721459975816     
   3.00499995549520        3.00499995549520      -0.175749121995544     
   3.00499995549520        3.30549995104472      -0.161914387701527     
   3.00499995549520        3.60599994659424      -0.149318525470102     
   3.00499995549520        3.90649994214376      -0.137607178533339     
   3.00499995549520        4.20699993769328      -0.126835221104472     
   3.00499995549520        4.50749993324280      -0.117140612343745     
   3.00499995549520        4.80799992879232      -0.108482911964219     
   3.00499995549520        5.10849992434184      -0.100609515700022     
   3.00499995549520        5.40899991989136      -9.321109013798241E-002
   3.00499995549520        5.70949991544088      -8.610192752894660E-002
   3.00499995549520        6.00999991099040      -7.927822990881399E-002
   3.00499995549520        6.31049990653992      -7.282701161882764E-002
   3.00499995549520        6.61099990208944      -6.707050587503255E-002
   3.00499995549520        6.91149989763896      -6.260374121114953E-002
   3.00499995549520        7.21199989318848      -5.940317273958651E-002
   3.30549995104472       0.000000000000000E+000 -0.455078833366492     
   3.30549995104472       0.300499995549520      -0.441754631702326     
   3.30549995104472       0.600999991099040      -0.404615215569820     
   3.30549995104472       0.901499986648560      -0.357302088910496     
   3.30549995104472        1.20199998219808      -0.312483190031704     
   3.30549995104472        1.50249997774760      -0.275255638778727     
   3.30549995104472        1.80299997329712      -0.244676587246008     
   3.30549995104472        2.10349996884664      -0.219405798678202     
   3.30549995104472        2.40399996439616      -0.198787101231345     
   3.30549995104472        2.70449995994568      -0.182013852785573     
   3.30549995104472        3.00499995549520      -0.167995162948432     
   3.30549995104472        3.30549995104472      -0.155647283219442     
   3.30549995104472        3.60599994659424      -0.144240589898243     
   3.30549995104472        3.90649994214376      -0.133536032455350     
   3.30549995104472        4.20699993769328      -0.123631901552514     
   3.30549995104472        4.50749993324280      -0.114655331467019     
   3.30549995104472        4.80799992879232      -0.106542111504349     
   3.30549995104472        5.10849992434184      -9.904196085550564E-002
   3.30549995104472        5.40899991989136      -9.188293665978936E-002
   3.30549995104472        5.70949991544088      -8.493049793566489E-002
   3.30549995104472        6.00999991099040      -7.820658507477826E-002
   3.30549995104472        6.31049990653992      -7.177076499743711E-002
   3.30549995104472        6.61099990208944      -6.605419234914101E-002
   3.30549995104472        6.91149989763896      -6.200673251404944E-002
   3.30549995104472        7.21199989318848      -5.945655357605129E-002
   3.60599994659424       0.000000000000000E+000 -0.410312293504740     
   3.60599994659424       0.300499995549520      -0.401523745875304     
   3.60599994659424       0.600999991099040      -0.368773198583311     
   3.60599994659424       0.901499986648560      -0.325253743736052     
   3.60599994659424        1.20199998219808      -0.284509105786337     
   3.60599994659424        1.50249997774760      -0.251382158475710     
   3.60599994659424        1.80299997329712      -0.225095494052795     
   3.60599994659424        2.10349996884664      -0.203727584179440     
   3.60599994659424        2.40399996439616      -0.186326174405717     
   3.60599994659424        2.70449995994568      -0.172017943234019     
   3.60599994659424        3.00499995549520      -0.159822494471447     
   3.60599994659424        3.30549995104472      -0.148855353605450     
   3.60599994659424        3.60599994659424      -0.138576629201730     
   3.60599994659424        3.90649994214376      -0.128859008494937     
   3.60599994659424        4.20699993769328      -0.119823683483627     
   3.60599994659424        4.50749993324280      -0.111569426401887     
   3.60599994659424        4.80799992879232      -0.104007166901237     
   3.60599994659424        5.10849992434184      -9.690077379223239E-002
   3.60599994659424        5.40899991989136      -9.002978295785237E-002
   3.60599994659424        5.70949991544088      -8.331969890350424E-002
   3.60599994659424        6.00999991099040      -7.682606168962637E-002
   3.60599994659424        6.31049990653992      -7.061909923047212E-002
   3.60599994659424        6.61099990208944      -6.518158246421354E-002
   3.60599994659424        6.91149989763896      -6.161868466601384E-002
   3.60599994659424        7.21199989318848      -5.926326358235590E-002
   3.90649994214376       0.000000000000000E+000 -0.357697349518867     
   3.90649994214376       0.300499995549520      -0.350870070135563     
   3.90649994214376       0.600999991099040      -0.325032039913993     
   3.90649994214376       0.901499986648560      -0.289362581780815     
   3.90649994214376        1.20199998219808      -0.255209344632058     
   3.90649994214376        1.50249997774760      -0.227530349744230     
   3.90649994214376        1.80299997329712      -0.205858663459240     
   3.90649994214376        2.10349996884664      -0.188311112348186     
   3.90649994214376        2.40399996439616      -0.173930977318348     
   3.90649994214376        2.70449995994568      -0.161896669279267     
   3.90649994214376        3.00499995549520      -0.151381555213809     
   3.90649994214376        3.30549995104472      -0.141706984304405     
   3.90649994214376        3.60599994659424      -0.132510151315234     
   3.90649994214376        3.90649994214376      -0.123753350230768     
   3.90649994214376        4.20699993769328      -0.115559333837306     
   3.90649994214376        4.50749993324280      -0.107992952969856     
   3.90649994214376        4.80799992879232      -0.100953093678985     
   3.90649994214376        5.10849992434184      -9.423706184333379E-002
   3.90649994214376        5.40899991989136      -8.768825409243181E-002
   3.90649994214376        5.70949991544088      -8.129496810123538E-002
   3.90649994214376        6.00999991099040      -7.516002106131034E-002
   3.90649994214376        6.31049990653992      -6.940591991671581E-002
   3.90649994214376        6.61099990208944      -6.447652023514883E-002
   3.90649994214376        6.91149989763896      -6.104188039514050E-002
   3.90649994214376        7.21199989318848      -5.830960891591857E-002
   4.20699993769328       0.000000000000000E+000 -0.296962718204171     
   4.20699993769328       0.300499995549520      -0.291446293012168     
   4.20699993769328       0.600999991099040      -0.274264384968913     
   4.20699993769328       0.901499986648560      -0.249860524791901     
   4.20699993769328        1.20199998219808      -0.224876973695544     
   4.20699993769328        1.50249997774760      -0.204065502607572     
   4.20699993769328        1.80299997329712      -0.187179518360057     
   4.20699993769328        2.10349996884664      -0.173300629788456     
   4.20699993769328        2.40399996439616      -0.161741173054037     
   4.20699993769328        2.70449995994568      -0.151822455906338     
   4.20699993769328        3.00499995549520      -0.142887720569401     
   4.20699993769328        3.30549995104472      -0.134446297555978     
   4.20699993769328        3.60599994659424      -0.126283184509674     
   4.20699993769328        3.90649994214376      -0.118426853576211     
   4.20699993769328        4.20699993769328      -0.110995554179281     
   4.20699993769328        4.50749993324280      -0.104034625611951     
   4.20699993769328        4.80799992879232      -9.745683010523151E-002
   4.20699993769328        5.10849992434184      -9.111233995002321E-002
   4.20699993769328        5.40899991989136      -8.491104380401472E-002
   4.20699993769328        5.70949991544088      -7.889092947868846E-002
   4.20699993769328        6.00999991099040      -7.318513221577569E-002
   4.20699993769328        6.31049990653992      -6.794023142866575E-002
   4.20699993769328        6.61099990208944      -6.344576268768101E-002
   4.20699993769328        6.91149989763896      -5.997098989652021E-002
   4.20699993769328        7.21199989318848      -5.702194458092075E-002
   4.50749993324280       0.000000000000000E+000 -0.238192525110192     
   4.50749993324280       0.300499995549520      -0.235132483035774     
   4.50749993324280       0.600999991099040      -0.225862949980465     
   4.50749993324280       0.901499986648560      -0.211738478895338     
   4.50749993324280        1.20199998219808      -0.196047493204695     
   4.50749993324280        1.50249997774760      -0.181696428594815     
   4.50749993324280        1.80299997329712      -0.169358890176564     
   4.50749993324280        2.10349996884664      -0.158921941780024     
   4.50749993324280        2.40399996439616      -0.149993843167339     
   4.50749993324280        2.70449995994568      -0.142057081850192     
   4.50749993324280        3.00499995549520      -0.134613578387786     
   4.50749993324280        3.30549995104472      -0.127331574876298     
   4.50749993324280        3.60599994659424      -0.120114172999616     
   4.50749993324280        3.90649994214376      -0.113043548936516     
   4.50749993324280        4.20699993769328      -0.106246259660132     
   4.50749993324280        4.50749993324280      -9.977780932610968E-002
   4.50749993324280        4.80799992879232      -9.359304554193400E-002
   4.50749993324280        5.10849992434184      -8.760637639895223E-002
   4.50749993324280        5.40899991989136      -8.178286372191326E-002
   4.50749993324280        5.70949991544088      -7.618169981559039E-002
   4.50749993324280        6.00999991099040      -7.092435746455773E-002
   4.50749993324280        6.31049990653992      -6.612752061226768E-002
   4.50749993324280        6.61099990208944      -6.189953546293964E-002
   4.50749993324280        6.91149989763896      -5.830801466435044E-002
   4.50749993324280        7.21199989318848      -5.506780815378833E-002
   4.80799992879232       0.000000000000000E+000 -0.192765152294624     
   4.80799992879232       0.300499995549520      -0.191577528734029     
   4.80799992879232       0.600999991099040      -0.187392923885236     
   4.80799992879232       0.901499986648560      -0.179801113815149     
   4.80799992879232        1.20199998219808      -0.170558202301626     
   4.80799992879232        1.50249997774760      -0.161341074658401     
   4.80799992879232        1.80299997329712      -0.152968539106051     
   4.80799992879232        2.10349996884664      -0.145608703471612     
   4.80799992879232        2.40399996439616      -0.139044056501263     
   4.80799992879232        2.70449995994568      -0.132888521397403     
   4.80799992879232        3.00499995549520      -0.126779686474690     
   4.80799992879232        3.30549995104472      -0.120516151683168     
   4.80799992879232        3.60599994659424      -0.114096629945079     
   4.80799992879232        3.90649994214376      -0.107655096708634     
   4.80799992879232        4.20699993769328      -0.101347666881147     
   4.80799992879232        4.50749993324280      -9.526857349779297E-002
   4.80799992879232        4.80799992879232      -8.943225297981781E-002
   4.80799992879232        5.10849992434184      -8.381499744527221E-002
   4.80799992879232        5.40899991989136      -7.841533783101498E-002
   4.80799992879232        5.70949991544088      -7.328065642456690E-002
   4.80799992879232        6.00999991099040      -6.848426700844737E-002
   4.80799992879232        6.31049990653992      -6.408176699614529E-002
   4.80799992879232        6.61099990208944      -6.008586253560183E-002
   4.80799992879232        6.91149989763896      -5.645990942863342E-002
   4.80799992879232        7.21199989318848      -5.308897126983777E-002
   5.10849992434184       0.000000000000000E+000 -0.159717229066329     
   5.10849992434184       0.300499995549520      -0.159170432796882     
   5.10849992434184       0.600999991099040      -0.157142331780539     
   5.10849992434184       0.901499986648560      -0.153766032414792     
   5.10849992434184        1.20199998219808      -0.149067454736246     
   5.10849992434184        1.50249997774760      -0.143818148915949     
   5.10849992434184        1.80299997329712      -0.138661124902761     
   5.10849992434184        2.10349996884664      -0.133824163044266     
   5.10849992434184        2.40399996439616      -0.129186604279846     
   5.10849992434184        2.70449995994568      -0.124470579273915     
   5.10849992434184        3.00499995549520      -0.119430930983151     
   5.10849992434184        3.30549995104472      -0.113972935200175     
   5.10849992434184        3.60599994659424      -0.108171186442560     
   5.10849992434184        3.90649994214376      -0.102207495683152     
   5.10849992434184        4.20699993769328      -9.627952033117418E-002
   5.10849992434184        4.50749993324280      -9.053375900854291E-002
   5.10849992434184        4.80799992879232      -8.504529022973085E-002
   5.10849992434184        5.10849992434184      -7.983776370236549E-002
   5.10849992434184        5.40899991989136      -7.491830785215405E-002
   5.10849992434184        5.70949991544088      -7.029713161371560E-002
   5.10849992434184        6.00999991099040      -6.598177659582315E-002
   5.10849992434184        6.31049990653992      -6.196176141826707E-002
   5.10849992434184        6.61099990208944      -5.820649181788880E-002
   5.10849992434184        6.91149989763896      -5.468896759169861E-002
   5.10849992434184        7.21199989318848      -5.136160417580495E-002
   5.40899991989136       0.000000000000000E+000 -0.135235219587588     
   5.40899991989136       0.300499995549520      -0.135093316661684     
   5.40899991989136       0.600999991099040      -0.134639664243127     
   5.40899991989136       0.901499986648560      -0.133561129445264     
   5.40899991989136        1.20199998219808      -0.131899156504140     
   5.40899991989136        1.50249997774760      -0.129625895519887     
   5.40899991989136        1.80299997329712      -0.126808893497103     
   5.40899991989136        2.10349996884664      -0.123751725196445     
   5.40899991989136        2.40399996439616      -0.120441102779698     
   5.40899991989136        2.70449995994568      -0.116706466093695     
   5.40899991989136        3.00499995549520      -0.112407199280329     
   5.40899991989136        3.30549995104472      -0.107530509371803     
   5.40899991989136        3.60599994659424      -0.102199443266471     
   5.40899991989136        3.90649994214376      -9.662416244742406E-002
   5.40899991989136        4.20699993769328      -9.103521169182398E-002
   5.40899991989136        4.50749993324280      -8.562585990818368E-002
   5.40899991989136        4.80799992879232      -8.051983624023137E-002
   5.40899991989136        5.10849992434184      -7.576881469643089E-002
   5.40899991989136        5.40899991989136      -7.137031832320914E-002
   5.40899991989136        5.70949991544088      -6.728930667565608E-002
   5.40899991989136        6.00999991099040      -6.347015641815355E-002
   5.40899991989136        6.31049990653992      -5.985161059457460E-002
   5.40899991989136        6.61099990208944      -5.640303012325057E-002
   5.40899991989136        6.91149989763896      -5.309800691356286E-002
   5.40899991989136        7.21199989318848      -4.992687664342143E-002
   5.70949991544088       0.000000000000000E+000 -0.118262789426175     
   5.70949991544088       0.300499995549520      -0.118641815528846     
   5.70949991544088       0.600999991099040      -0.119363438913031     
   5.70949991544088       0.901499986648560      -0.119756021520534     
   5.70949991544088        1.20199998219808      -0.119558351924136     
   5.70949991544088        1.50249997774760      -0.118756632715530     
   5.70949991544088        1.80299997329712      -0.117244712515537     
   5.70949991544088        2.10349996884664      -0.115129126795544     
   5.70949991544088        2.40399996439616      -0.112504545166188     
   5.70949991544088        2.70449995994568      -0.109298625024336     
   5.70949991544088        3.00499995549520      -0.105455944718032     
   5.70949991544088        3.30549995104472      -0.101013948976502     
   5.70949991544088        3.60599994659424      -9.610150300906471E-002
   5.70949991544088        3.90649994214376      -9.091556204344399E-002
   5.70949991544088        4.20699993769328      -8.569410419897437E-002
   5.70949991544088        4.50749993324280      -8.066197608148228E-002
   5.70949991544088        4.80799992879232      -7.597424281512587E-002
   5.70949991544088        5.10849992434184      -7.169465322858948E-002
   5.70949991544088        5.40899991989136      -6.780707790560593E-002
   5.70949991544088        5.70949991544088      -6.424648150160042E-002
   5.70949991544088        6.00999991099040      -6.092238095638764E-002
   5.70949991544088        6.31049990653992      -5.775599398996339E-002
   5.70949991544088        6.61099990208944      -5.469009468334386E-002
   5.70949991544088        6.91149989763896      -5.167891930898113E-002
   5.70949991544088        7.21199989318848      -4.870588635448284E-002
   6.00999991099040       0.000000000000000E+000 -0.106923741305570     
   6.00999991099040       0.300499995549520      -0.107852236315325     
   6.00999991099040       0.600999991099040      -0.109586797999695     
   6.00999991099040       0.901499986648560      -0.110687816445649     
   6.00999991099040        1.20199998219808      -0.110903881214146     
   6.00999991099040        1.50249997774760      -0.110436657724233     
   6.00999991099040        1.80299997329712      -0.109282209891170     
   6.00999991099040        2.10349996884664      -0.107374248366600     
   6.00999991099040        2.40399996439616      -0.104932812513277     
   6.00999991099040        2.70449995994568      -0.101944529168290     
   6.00999991099040        3.00499995549520      -9.840843372739631E-002
   6.00999991099040        3.30549995104472      -9.438459898317959E-002
   6.00999991099040        3.60599994659424      -8.995547222088837E-002
   6.00999991099040        3.90649994214376      -8.523342593882280E-002
   6.00999991099040        4.20699993769328      -8.043406692878868E-002
   6.00999991099040        4.50749993324280      -7.581602953779569E-002
   6.00999991099040        4.80799992879232      -7.154700912473182E-002
   6.00999991099040        5.10849992434184      -6.769047438370063E-002
   6.00999991099040        5.40899991989136      -6.422854257315772E-002
   6.00999991099040        5.70949991544088      -6.113625769748785E-002
   6.00999991099040        6.00999991099040      -5.830079909860843E-002
   6.00999991099040        6.31049990653992      -5.560283700854145E-002
   6.00999991099040        6.61099990208944      -5.296065488241239E-002
   6.00999991099040        6.91149989763896      -5.030804504328477E-002
   6.00999991099040        7.21199989318848      -4.757834074271437E-002
   6.31049990653992       0.000000000000000E+000 -9.864615411270672E-002
   6.31049990653992       0.300499995549520      -0.100495444082056     
   6.31049990653992       0.600999991099040      -0.103185331555481     
   6.31049990653992       0.901499986648560      -0.104253544083019     
   6.31049990653992        1.20199998219808      -0.104085516248497     
   6.31049990653992        1.50249997774760      -0.103281021817728     
   6.31049990653992        1.80299997329712      -0.101931693253451     
   6.31049990653992        2.10349996884664      -9.991530050154128E-002
   6.31049990653992        2.40399996439616      -9.741959400101219E-002
   6.31049990653992        2.70449995994568      -9.452197837756113E-002
   6.31049990653992        3.00499995549520      -9.122404166538588E-002
   6.31049990653992        3.30549995104472      -8.767174386756349E-002
   6.31049990653992        3.60599994659424      -8.389615550604329E-002
   6.31049990653992        3.90649994214376      -7.978914098137600E-002
   6.31049990653992        4.20699993769328      -7.546193989179745E-002
   6.31049990653992        4.50749993324280      -7.124546595125857E-002
   6.31049990653992        4.80799992879232      -6.735741848722124E-002
   6.31049990653992        5.10849992434184      -6.381099008580864E-002
   6.31049990653992        5.40899991989136      -6.067033676824654E-002
   6.31049990653992        5.70949991544088      -5.798390583796550E-002
   6.31049990653992        6.00999991099040      -5.558186105935001E-002
   6.31049990653992        6.31049990653992      -5.328482359037871E-002
   6.31049990653992        6.61099990208944      -5.099785088083797E-002
   6.31049990653992        6.91149989763896      -4.873928050101457E-002
   6.31049990653992        7.21199989318848      -4.637712061155227E-002
   6.61099990208944       0.000000000000000E+000 -9.125325631662978E-002
   6.61099990208944       0.300499995549520      -9.457731554884134E-002
   6.61099990208944       0.600999991099040      -9.758416311787887E-002
   6.61099990208944       0.901499986648560      -9.808925801585791E-002
   6.61099990208944        1.20199998219808      -9.742707388963893E-002
   6.61099990208944        1.50249997774760      -9.623804364804424E-002
   6.61099990208944        1.80299997329712      -9.461713774264940E-002
   6.61099990208944        2.10349996884664      -9.249821258403304E-002
   6.61099990208944        2.40399996439616      -8.997292275307622E-002
   6.61099990208944        2.70449995994568      -8.710768260607357E-002
   6.61099990208944        3.00499995549520      -8.401736308333312E-002
   6.61099990208944        3.30549995104472      -8.117146311650704E-002
   6.61099990208944        3.60599994659424      -7.842028025083465E-002
   6.61099990208944        3.90649994214376      -7.504480366848837E-002
   6.61099990208944        4.20699993769328      -7.113750843240232E-002
   6.61099990208944        4.50749993324280      -6.712686493996035E-002
   6.61099990208944        4.80799992879232      -6.347013035260071E-002
   6.61099990208944        5.10849992434184      -6.009481946261769E-002
   6.61099990208944        5.40899991989136      -5.721067520146650E-002
   6.61099990208944        5.70949991544088      -5.485085674793769E-002
   6.61099990208944        6.00999991099040      -5.281153368573038E-002
   6.61099990208944        6.31049990653992      -5.079141468143427E-002
   6.61099990208944        6.61099990208944      -4.859432319504001E-002
   6.61099990208944        6.91149989763896      -4.663404479994313E-002
   6.61099990208944        7.21199989318848      -4.497006233950981E-002
   6.91149989763896       0.000000000000000E+000 -8.766095136122291E-002
   6.91149989763896       0.300499995549520      -9.065697919741535E-002
   6.91149989763896       0.600999991099040      -9.040068824063049E-002
   6.91149989763896       0.901499986648560      -9.066618786248708E-002
   6.91149989763896        1.20199998219808      -9.018520626639105E-002
   6.91149989763896        1.50249997774760      -8.901418951025204E-002
   6.91149989763896        1.80299997329712      -8.736339273099507E-002
   6.91149989763896        2.10349996884664      -8.528659551464088E-002
   6.91149989763896        2.40399996439616      -8.289019275842079E-002
   6.91149989763896        2.70449995994568      -8.012741390264728E-002
   6.91149989763896        3.00499995549520      -7.742231211033798E-002
   6.91149989763896        3.30549995104472      -7.579717970843758E-002
   6.91149989763896        3.60599994659424      -7.457435040549497E-002
   6.91149989763896        3.90649994214376      -7.146352790471415E-002
   6.91149989763896        4.20699993769328      -6.773665924297881E-002
   6.91149989763896        4.50749993324280      -6.366794603844189E-002
   6.91149989763896        4.80799992879232      -5.990980880402609E-002
   6.91149989763896        5.10849992434184      -5.661799935412630E-002
   6.91149989763896        5.40899991989136      -5.390335102217359E-002
   6.91149989763896        5.70949991544088      -5.181939957230668E-002
   6.91149989763896        6.00999991099040      -5.013576904808956E-002
   6.91149989763896        6.31049990653992      -4.844989208184605E-002
   6.91149989763896        6.61099990208944      -4.629307703139093E-002
   6.91149989763896        6.91149989763896      -4.436618407499759E-002
   6.91149989763896        7.21199989318848      -4.364008611165432E-002
   7.21199989318848       0.000000000000000E+000 -8.832455002049898E-002
   7.21199989318848       0.300499995549520      -8.720973999980153E-002
   7.21199989318848       0.600999991099040      -8.423611511360204E-002
   7.21199989318848       0.901499986648560      -8.369047407427500E-002
   7.21199989318848        1.20199998219808      -8.307517292598567E-002
   7.21199989318848        1.50249997774760      -8.199711601666070E-002
   7.21199989318848        1.80299997329712      -8.050504386098870E-002
   7.21199989318848        2.10349996884664      -7.866292153014119E-002
   7.21199989318848        2.40399996439616      -7.656645613441330E-002
   7.21199989318848        2.70449995994568      -7.421995486911384E-002
   7.21199989318848        3.00499995549520      -7.223315481554937E-002
   7.21199989318848        3.30549995104472      -7.177695473044951E-002
   7.21199989318848        3.60599994659424      -7.142779400497612E-002
   7.21199989318848        3.90649994214376      -6.841382475644772E-002
   7.21199989318848        4.20699993769328      -6.496029410715790E-002
   7.21199989318848        4.50749993324280      -6.062961660246272E-002
   7.21199989318848        4.80799992879232      -5.665240311737281E-002
   7.21199989318848        5.10849992434184      -5.335107329244620E-002
   7.21199989318848        5.40899991989136      -5.078539828765449E-002
   7.21199989318848        5.70949991544088      -4.893236614710907E-002
   7.21199989318848        6.00999991099040      -4.761273707078825E-002
   7.21199989318848        6.31049990653992      -4.650981021214466E-002
   7.21199989318848        6.61099990208944      -4.523686953599226E-002
   7.21199989318848        6.91149989763896      -4.377620888822670E-002
   7.21199989318848        7.21199989318848      -4.208508324552954E-002
