  0.000000000000000E+000  0.000000000000000E+000 -0.180151582638520     
  0.000000000000000E+000  0.300499995549520      -0.179510165827856     
  0.000000000000000E+000  0.600999991099040      -0.172753822038831     
  0.000000000000000E+000  0.901499986648560      -0.166665794299737     
  0.000000000000000E+000   1.20199998219808      -0.160353037065016     
  0.000000000000000E+000   1.50249997774760      -0.153695028196759     
  0.000000000000000E+000   1.80299997329712      -0.146700649603738     
  0.000000000000000E+000   2.10349996884664      -0.139382606502744     
  0.000000000000000E+000   2.40399996439616      -0.131816517296759     
  0.000000000000000E+000   2.70449995994568      -0.124337058745494     
  0.000000000000000E+000   3.00499995549520      -0.117926843967114     
  0.000000000000000E+000   3.30549995104472      -0.114098906882217     
  0.000000000000000E+000   3.60599994659424      -0.110893521900911     
  0.000000000000000E+000   3.90649994214376      -0.104043377968057     
  0.000000000000000E+000   4.20699993769328      -9.703190804131796E-002
  0.000000000000000E+000   4.50749993324280      -8.914360654308415E-002
  0.000000000000000E+000   4.80799992879232      -8.197908983454336E-002
  0.000000000000000E+000   5.10849992434184      -7.602709112788855E-002
  0.000000000000000E+000   5.40899991989136      -7.138182046402700E-002
  0.000000000000000E+000   5.70949991544088      -6.792749605728252E-002
  0.000000000000000E+000   6.00999991099040      -6.542042414548951E-002
  0.000000000000000E+000   6.31049990653992      -6.350631200219235E-002
  0.000000000000000E+000   6.61099990208944      -6.171656272006147E-002
  0.000000000000000E+000   6.91149989763896      -5.966798883185587E-002
  0.000000000000000E+000   7.21199989318848      -5.729067082404082E-002
  0.300499995549520       0.000000000000000E+000 -0.191048018982028     
  0.300499995549520       0.300499995549520      -0.192805227252898     
  0.300499995549520       0.600999991099040      -0.189033869041730     
  0.300499995549520       0.901499986648560      -0.184117780492304     
  0.300499995549520        1.20199998219808      -0.177407075295291     
  0.300499995549520        1.50249997774760      -0.169698043577961     
  0.300499995549520        1.80299997329712      -0.161456459431413     
  0.300499995549520        2.10349996884664      -0.152770092397909     
  0.300499995549520        2.40399996439616      -0.143804784348255     
  0.300499995549520        2.70449995994568      -0.134919716731497     
  0.300499995549520        3.00499995549520      -0.126849995627023     
  0.300499995549520        3.30549995104472      -0.120817135265388     
  0.300499995549520        3.60599994659424      -0.115695415066724     
  0.300499995549520        3.90649994214376      -0.108402764203016     
  0.300499995549520        4.20699993769328      -0.100718483120980     
  0.300499995549520        4.50749993324280      -9.295874082520707E-002
  0.300499995549520        4.80799992879232      -8.593692973818619E-002
  0.300499995549520        5.10849992434184      -7.988491300704918E-002
  0.300499995549520        5.40899991989136      -7.490720911707850E-002
  0.300499995549520        5.70949991544088      -7.100595934967141E-002
  0.300499995549520        6.00999991099040      -6.788948047306555E-002
  0.300499995549520        6.31049990653992      -6.511254048022143E-002
  0.300499995549520        6.61099990208944      -6.217475497100608E-002
  0.300499995549520        6.91149989763896      -5.992688567937095E-002
  0.300499995549520        7.21199989318848      -5.890077254982774E-002
  0.600999991099040       0.000000000000000E+000 -0.208858250349156     
  0.600999991099040       0.300499995549520      -0.210526258676808     
  0.600999991099040       0.600999991099040      -0.209298680497512     
  0.600999991099040       0.901499986648560      -0.203723894949048     
  0.600999991099040        1.20199998219808      -0.195741802668509     
  0.600999991099040        1.50249997774760      -0.186702369389264     
  0.600999991099040        1.80299997329712      -0.177112792872848     
  0.600999991099040        2.10349996884664      -0.167090598105142     
  0.600999991099040        2.40399996439616      -0.156917371172805     
  0.600999991099040        2.70449995994568      -0.146941297861149     
  0.600999991099040        3.00499995549520      -0.137514289265713     
  0.600999991099040        3.30549995104472      -0.129088539586534     
  0.600999991099040        3.60599994659424      -0.121280840384390     
  0.600999991099040        3.90649994214376      -0.113152707178215     
  0.600999991099040        4.20699993769328      -0.104910112818098     
  0.600999991099040        4.50749993324280      -9.706977193188976E-002
  0.600999991099040        4.80799992879232      -9.011127735540406E-002
  0.600999991099040        5.10849992434184      -8.385823041437435E-002
  0.600999991099040        5.40899991989136      -7.854999673830605E-002
  0.600999991099040        5.70949991544088      -7.416521152848693E-002
  0.600999991099040        6.00999991099040      -7.046822286943676E-002
  0.600999991099040        6.31049990653992      -6.715390269986818E-002
  0.600999991099040        6.61099990208944      -6.408432535820277E-002
  0.600999991099040        6.91149989763896      -6.172697121523887E-002
  0.600999991099040        7.21199989318848      -5.933244885868269E-002
  0.901499986648560       0.000000000000000E+000 -0.235672101819003     
  0.901499986648560       0.300499995549520      -0.235390745668258     
  0.901499986648560       0.600999991099040      -0.232324522418914     
  0.901499986648560       0.901499986648560      -0.225249810053149     
  0.901499986648560        1.20199998219808      -0.215555447377608     
  0.901499986648560        1.50249997774760      -0.204686824131037     
  0.901499986648560        1.80299997329712      -0.193355320100717     
  0.901499986648560        2.10349996884664      -0.181807854734660     
  0.901499986648560        2.40399996439616      -0.170428167200009     
  0.901499986648560        2.70449995994568      -0.159344337941012     
  0.901499986648560        3.00499995549520      -0.148631257600495     
  0.901499986648560        3.30549995104472      -0.138387601992745     
  0.901499986648560        3.60599994659424      -0.128526921105248     
  0.901499986648560        3.90649994214376      -0.118960294465866     
  0.901499986648560        4.20699993769328      -0.109909082472100     
  0.901499986648560        4.50749993324280      -0.101729258162732     
  0.901499986648560        4.80799992879232      -9.444000739756024E-002
  0.901499986648560        5.10849992434184      -8.789294955069875E-002
  0.901499986648560        5.40899991989136      -8.218270948727882E-002
  0.901499986648560        5.70949991544088      -7.728999312984067E-002
  0.901499986648560        6.00999991099040      -7.303512732567033E-002
  0.901499986648560        6.31049990653992      -6.925919135265493E-002
  0.901499986648560        6.61099990208944      -6.587236895874558E-002
  0.901499986648560        6.91149989763896      -6.274862156916093E-002
  0.901499986648560        7.21199989318848      -5.932061605203963E-002
   1.20199998219808       0.000000000000000E+000 -0.271873292574423     
   1.20199998219808       0.300499995549520      -0.269848818040239     
   1.20199998219808       0.600999991099040      -0.263460987102586     
   1.20199998219808       0.901499986648560      -0.252877524111406     
   1.20199998219808        1.20199998219808      -0.239544287003015     
   1.20199998219808        1.50249997774760      -0.225129870420233     
   1.20199998219808        1.80299997329712      -0.210749576964346     
   1.20199998219808        2.10349996884664      -0.196887196864284     
   1.20199998219808        2.40399996439616      -0.183793125302160     
   1.20199998219808        2.70449995994568      -0.171323491652798     
   1.20199998219808        3.00499995549520      -0.159227829866701     
   1.20199998219808        3.30549995104472      -0.147440540582798     
   1.20199998219808        3.60599994659424      -0.136008288891423     
   1.20199998219808        3.90649994214376      -0.125158705565279     
   1.20199998219808        4.20699993769328      -0.115266000268662     
   1.20199998219808        4.50749993324280      -0.106516113699208     
   1.20199998219808        4.80799992879232      -9.876564876546085E-002
   1.20199998219808        5.10849992434184      -9.183543037140392E-002
   1.20199998219808        5.40899991989136      -8.566904270464720E-002
   1.20199998219808        5.70949991544088      -8.021306032163836E-002
   1.20199998219808        6.00999991099040      -7.534322506483786E-002
   1.20199998219808        6.31049990653992      -7.097101992093482E-002
   1.20199998219808        6.61099990208944      -6.698338066382580E-002
   1.20199998219808        6.91149989763896      -6.316839459063538E-002
   1.20199998219808        7.21199989318848      -5.926017387831269E-002
   1.50249997774760       0.000000000000000E+000 -0.326308200455124     
   1.50249997774760       0.300499995549520      -0.322162653167044     
   1.50249997774760       0.600999991099040      -0.310387570305327     
   1.50249997774760       0.901499986648560      -0.292805310359736     
   1.50249997774760        1.20199998219808      -0.272092698173355     
   1.50249997774760        1.50249997774760      -0.250860093738120     
   1.50249997774760        1.80299997329712      -0.230799115894870     
   1.50249997774760        2.10349996884664      -0.212671073988275     
   1.50249997774760        2.40399996439616      -0.196777886317063     
   1.50249997774760        2.70449995994568      -0.182489836267018     
   1.50249997774760        3.00499995549520      -0.168991900868833     
   1.50249997774760        3.30549995104472      -0.155845202434331     
   1.50249997774760        3.60599994659424      -0.143116296859873     
   1.50249997774760        3.90649994214376      -0.131201709628495     
   1.50249997774760        4.20699993769328      -0.120508983350625     
   1.50249997774760        4.50749993324280      -0.111160956533064     
   1.50249997774760        4.80799992879232      -0.102960224753621     
   1.50249997774760        5.10849992434184      -9.560311518978762E-002
   1.50249997774760        5.40899991989136      -8.890320713460631E-002
   1.50249997774760        5.70949991544088      -8.283013139550022E-002
   1.50249997774760        6.00999991099040      -7.730575413586536E-002
   1.50249997774760        6.31049990653992      -7.229108370822317E-002
   1.50249997774760        6.61099990208944      -6.770896098219510E-002
   1.50249997774760        6.91149989763896      -6.340357228380651E-002
   1.50249997774760        7.21199989318848      -5.923853878955426E-002
   1.80299997329712       0.000000000000000E+000 -0.410312293504741     
   1.80299997329712       0.300499995549520      -0.402585737498497     
   1.80299997329712       0.600999991099040      -0.381571232213009     
   1.80299997329712       0.901499986648560      -0.351554799897602     
   1.80299997329712        1.20199998219808      -0.317906896468161     
   1.80299997329712        1.50249997774760      -0.284793530258131     
   1.80299997329712        1.80299997329712      -0.254795684490199     
   1.80299997329712        2.10349996884664      -0.229731577642814     
   1.80299997329712        2.40399996439616      -0.209473001559208     
   1.80299997329712        2.70449995994568      -0.192643173754424     
   1.80299997329712        3.00499995549520      -0.177638592054698     
   1.80299997329712        3.30549995104472      -0.163406042748332     
   1.80299997329712        3.60599994659424      -0.149711870836356     
   1.80299997329712        3.90649994214376      -0.136911974738712     
   1.80299997329712        4.20699993769328      -0.125468019767593     
   1.80299997329712        4.50749993324280      -0.115539298510088     
   1.80299997329712        4.80799992879232      -0.106890063500135     
   1.80299997329712        5.10849992434184      -9.910283276275202E-002
   1.80299997329712        5.40899991989136      -9.187045209156622E-002
   1.80299997329712        5.70949991544088      -8.512704185828651E-002
   1.80299997329712        6.00999991099040      -7.894189021667811E-002
   1.80299997329712        6.31049990653992      -7.331850869293496E-002
   1.80299997329712        6.61099990208944      -6.822730996453641E-002
   1.80299997329712        6.91149989763896      -6.356378800379729E-002
   1.80299997329712        7.21199989318848      -5.922270617517798E-002
   2.10349996884664       0.000000000000000E+000 -0.538215469909252     
   2.10349996884664       0.300499995549520      -0.524104117250538     
   2.10349996884664       0.600999991099040      -0.486197730112222     
   2.10349996884664       0.901499986648560      -0.434835755196560     
   2.10349996884664        1.20199998219808      -0.379437430410811     
   2.10349996884664        1.50249997774760      -0.327493608742342     
   2.10349996884664        1.80299997329712      -0.283399426480532     
   2.10349996884664        2.10349996884664      -0.248589723375994     
   2.10349996884664        2.40399996439616      -0.222164114133941     
   2.10349996884664        2.70449995994568      -0.201822893024696     
   2.10349996884664        3.00499995549520      -0.184990947501348     
   2.10349996884664        3.30549995104472      -0.169777471734844     
   2.10349996884664        3.60599994659424      -0.155396710459563     
   2.10349996884664        3.90649994214376      -0.141965347260202     
   2.10349996884664        4.20699993769328      -0.129924847687353     
   2.10349996884664        4.50749993324280      -0.119485982269082     
   2.10349996884664        4.80799992879232      -0.110417379360200     
   2.10349996884664        5.10849992434184      -0.102227665491903     
   2.10349996884664        5.40899991989136      -9.451281466349183E-002
   2.10349996884664        5.70949991544088      -8.716494756831915E-002
   2.10349996884664        6.00999991099040      -8.031232698070967E-002
   2.10349996884664        6.31049990653992      -7.410348641050281E-002
   2.10349996884664        6.61099990208944      -6.855642135062803E-002
   2.10349996884664        6.91149989763896      -6.359905190868567E-002
   2.10349996884664        7.21199989318848      -5.912731921787211E-002
   2.40399996439616       0.000000000000000E+000 -0.732768442429477     
   2.40399996439616       0.300499995549520      -0.705232080922598     
   2.40399996439616       0.600999991099040      -0.633751385836224     
   2.40399996439616       0.901499986648560      -0.543862511014843     
   2.40399996439616        1.20199998219808      -0.455377098321499     
   2.40399996439616        1.50249997774760      -0.378313614466179     
   2.40399996439616        1.80299997329712      -0.316242461574915     
   2.40399996439616        2.10349996884664      -0.269185619039009     
   2.40399996439616        2.40399996439616      -0.234979951400081     
   2.40399996439616        2.70449995994568      -0.210178541316056     
   2.40399996439616        3.00499995549520      -0.191102071255995     
   2.40399996439616        3.30549995104472      -0.174876424089715     
   2.40399996439616        3.60599994659424      -0.159988835452367     
   2.40399996439616        3.90649994214376      -0.146155625530955     
   2.40399996439616        4.20699993769328      -0.133699690000987     
   2.40399996439616        4.50749993324280      -0.122857843145045     
   2.40399996439616        4.80799992879232      -0.113427174445591     
   2.40399996439616        5.10849992434184      -0.104882511651448     
   2.40399996439616        5.40899991989136      -9.675058018409426E-002
   2.40399996439616        5.70949991544088      -8.888208777604938E-002
   2.40399996439616        6.00999991099040      -8.143057936236184E-002
   2.40399996439616        6.31049990653992      -7.462638615436291E-002
   2.40399996439616        6.61099990208944      -6.858613839386521E-002
   2.40399996439616        6.91149989763896      -6.331475021568110E-002
   2.40399996439616        7.21199989318848      -5.879067272298714E-002
   2.70449995994568       0.000000000000000E+000 -0.993584575071015     
   2.70449995994568       0.300499995549520      -0.948212343426751     
   2.70449995994568       0.600999991099040      -0.830249902965743     
   2.70449995994568       0.901499986648560      -0.680747753953701     
   2.70449995994568        1.20199998219808      -0.543375716668299     
   2.70449995994568        1.50249997774760      -0.434156200578435     
   2.70449995994568        1.80299997329712      -0.351059176882237     
   2.70449995994568        2.10349996884664      -0.290291237216935     
   2.70449995994568        2.40399996439616      -0.247463742090493     
   2.70449995994568        2.70449995994568      -0.217680387069126     
   2.70449995994568        3.00499995549520      -0.196086593736888     
   2.70449995994568        3.30549995104472      -0.178785481860327     
   2.70449995994568        3.60599994659424      -0.163475027270535     
   2.70449995994568        3.90649994214376      -0.149395830727476     
   2.70449995994568        4.20699993769328      -0.136682335670835     
   2.70449995994568        4.50749993324280      -0.125555637043121     
   2.70449995994568        4.80799992879232      -0.115839052849989     
   2.70449995994568        5.10849992434184      -0.107000021456482     
   2.70449995994568        5.40899991989136      -9.852157609087583E-002
   2.70449995994568        5.70949991544088      -9.021124935771514E-002
   2.70449995994568        6.00999991099040      -8.220942640556676E-002
   2.70449995994568        6.31049990653992      -7.475985084419816E-002
   2.70449995994568        6.61099990208944      -6.810102506681995E-002
   2.70449995994568        6.91149989763896      -6.258262981367643E-002
   2.70449995994568        7.21199989318848      -5.820208161514796E-002
   3.00499995549520       0.000000000000000E+000  -1.27556432111386     
   3.00499995549520       0.300499995549520       -1.21173593054580     
   3.00499995549520       0.600999991099040       -1.04286054738820     
   3.00499995549520       0.901499986648560      -0.830685459219750     
   3.00499995549520        1.20199998219808      -0.634080642257441     
   3.00499995549520        1.50249997774760      -0.487785826418348     
   3.00499995549520        1.80299997329712      -0.383219996620652     
   3.00499995549520        2.10349996884664      -0.309298824709546     
   3.00499995549520        2.40399996439616      -0.258378240893465     
   3.00499995549520        2.70449995994568      -0.223907682208736     
   3.00499995549520        3.00499995549520      -0.199914150332474     
   3.00499995549520        3.30549995104472      -0.181582043813812     
   3.00499995549520        3.60599994659424      -0.165901146043284     
   3.00499995549520        3.90649994214376      -0.151670960498090     
   3.00499995549520        4.20699993769328      -0.138819395121777     
   3.00499995549520        4.50749993324280      -0.127516963708174     
   3.00499995549520        4.80799992879232      -0.117598817878581     
   3.00499995549520        5.10849992434184      -0.108537481004473     
   3.00499995549520        5.40899991989136      -9.979135736278950E-002
   3.00499995549520        5.70949991544088      -9.112338611684002E-002
   3.00499995549520        6.00999991099040      -8.261575996462779E-002
   3.00499995549520        6.31049990653992      -7.446114550523916E-002
   3.00499995549520        6.61099990208944      -6.717332157574421E-002
   3.00499995549520        6.91149989763896      -6.151156223252825E-002
   3.00499995549520        7.21199989318848      -5.749345337598111E-002
   3.30549995104472       0.000000000000000E+000  -1.48247245829303     
   3.30549995104472       0.300499995549520       -1.41068679023691     
   3.30549995104472       0.600999991099040       -1.21160690765291     
   3.30549995104472       0.901499986648560      -0.949159184442021     
   3.30549995104472        1.20199998219808      -0.707014692568655     
   3.30549995104472        1.50249997774760      -0.527923738775761     
   3.30549995104472        1.80299997329712      -0.406434043112435     
   3.30549995104472        2.10349996884664      -0.322761300946264     
   3.30549995104472        2.40399996439616      -0.265983062425182     
   3.30549995104472        2.70449995994568      -0.228124823118539     
   3.30549995104472        3.00499995549520      -0.202373801793847     
   3.30549995104472        3.30549995104472      -0.183267242751178     
   3.30549995104472        3.60599994659424      -0.167310706029704     
   3.30549995104472        3.90649994214376      -0.153000854679558     
   3.30549995104472        4.20699993769328      -0.140094878221073     
   3.30549995104472        4.50749993324280      -0.128704082820414     
   3.30549995104472        4.80799992879232      -0.118668254376191     
   3.30549995104472        5.10849992434184      -0.109468584734041     
   3.30549995104472        5.40899991989136      -0.100550208977336     
   3.30549995104472        5.70949991544088      -9.163682332507983E-002
   3.30549995104472        6.00999991099040      -8.272346246310350E-002
   3.30549995104472        6.31049990653992      -7.396632324518615E-002
   3.30549995104472        6.61099990208944      -6.608043376706740E-002
   3.30549995104472        6.91149989763896      -6.039756626829420E-002
   3.30549995104472        7.21199989318848      -5.674713432707663E-002
   3.60599994659424       0.000000000000000E+000  -1.62426945946192     
   3.60599994659424       0.300499995549520       -1.48084141916577     
   3.60599994659424       0.600999991099040       -1.27454739266291     
   3.60599994659424       0.901499986648560      -0.994433115878740     
   3.60599994659424        1.20199998219808      -0.735106534723586     
   3.60599994659424        1.50249997774760      -0.543010149010875     
   3.60599994659424        1.80299997329712      -0.414965791840240     
   3.60599994659424        2.10349996884664      -0.327657311123445     
   3.60599994659424        2.40399996439616      -0.268728702100736     
   3.60599994659424        2.70449995994568      -0.229629047348511     
   3.60599994659424        3.00499995549520      -0.203228456495922     
   3.60599994659424        3.30549995104472      -0.183828850348593     
   3.60599994659424        3.60599994659424      -0.167766175234161     
   3.60599994659424        3.90649994214376      -0.153434047995176     
   3.60599994659424        4.20699993769328      -0.140518105619222     
   3.60599994659424        4.50749993324280      -0.129101816926632     
   3.60599994659424        4.80799992879232      -0.119027667763591     
   3.60599994659424        5.10849992434184      -0.109781442770581     
   3.60599994659424        5.40899991989136      -0.100803640819457     
   3.60599994659424        5.70949991544088      -9.180123607850406E-002
   3.60599994659424        6.00999991099040      -8.272655017571875E-002
   3.60599994659424        6.31049990653992      -7.372310603782575E-002
   3.60599994659424        6.61099990208944      -6.557190531347652E-002
   3.60599994659424        6.91149989763896      -5.997094094723714E-002
   3.60599994659424        7.21199989318848      -5.610316897849619E-002
   3.90649994214376       0.000000000000000E+000  -1.48247728593237     
   3.90649994214376       0.300499995549520       -1.41077899315699     
   3.90649994214376       0.600999991099040       -1.21170112506517     
   3.90649994214376       0.901499986648560      -0.949228229697978     
   3.90649994214376        1.20199998219808      -0.707059750335595     
   3.90649994214376        1.50249997774760      -0.527953182774430     
   3.90649994214376        1.80299997329712      -0.406454364412099     
   3.90649994214376        2.10349996884664      -0.322775172572174     
   3.90649994214376        2.40399996439616      -0.265992527357282     
   3.90649994214376        2.70449995994568      -0.228131776835477     
   3.90649994214376        3.00499995549520      -0.202379695274344     
   3.90649994214376        3.30549995104472      -0.183272901654781     
   3.90649994214376        3.60599994659424      -0.167316397857735     
   3.90649994214376        3.90649994214376      -0.153006427631105     
   3.90649994214376        4.20699993769328      -0.140100134734504     
   3.90649994214376        4.50749993324280      -0.128709022228254     
   3.90649994214376        4.80799992879232      -0.118673078997947     
   3.90649994214376        5.10849992434184      -0.109473765805328     
   3.90649994214376        5.40899991989136      -0.100556331248376     
   3.90649994214376        5.70949991544088      -9.164465437227098E-002
   3.90649994214376        6.00999991099040      -8.273451651504275E-002
   3.90649994214376        6.31049990653992      -7.398302147668157E-002
   3.90649994214376        6.61099990208944      -6.610342895811540E-002
   3.90649994214376        6.91149989763896      -6.042072381899879E-002
   3.90649994214376        7.21199989318848      -5.674893543569030E-002
   4.20699993769328       0.000000000000000E+000  -1.27557264967927     
   4.20699993769328       0.300499995549520       -1.21183322740970     
   4.20699993769328       0.600999991099040       -1.04298013043169     
   4.20699993769328       0.901499986648560      -0.830784439892931     
   4.20699993769328        1.20199998219808      -0.634149776907506     
   4.20699993769328        1.50249997774760      -0.487834739412848     
   4.20699993769328        1.80299997329712      -0.383254666359806     
   4.20699993769328        2.10349996884664      -0.309322827623607     
   4.20699993769328        2.40399996439616      -0.258394896590549     
   4.20699993769328        2.70449995994568      -0.223920245360266     
   4.20699993769328        3.00499995549520      -0.199925138807899     
   4.20699993769328        3.30549995104472      -0.181592899048666     
   4.20699993769328        3.60599994659424      -0.165912166053723     
   4.20699993769328        3.90649994214376      -0.151681752272304     
   4.20699993769328        4.20699993769328      -0.138829537576004     
   4.20699993769328        4.50749993324280      -0.127526384445026     
   4.20699993769328        4.80799992879232      -0.117607942853125     
   4.20699993769328        5.10849992434184      -0.108547164224150     
   4.20699993769328        5.40899991989136      -9.980264948377726E-002
   4.20699993769328        5.70949991544088      -9.113746032247369E-002
   4.20699993769328        6.00999991099040      -8.263429257131773E-002
   4.20699993769328        6.31049990653992      -7.448672238883802E-002
   4.20699993769328        6.61099990208944      -6.720453011059420E-002
   4.20699993769328        6.91149989763896      -6.153820660493824E-002
   4.20699993769328        7.21199989318848      -5.749856242088328E-002
   4.50749993324280       0.000000000000000E+000 -0.993592854384189     
   4.50749993324280       0.300499995549520      -0.948285712470996     
   4.50749993324280       0.600999991099040      -0.830349512585829     
   4.50749993324280       0.901499986648560      -0.680838205007663     
   4.50749993324280        1.20199998219808      -0.543447123283770     
   4.50749993324280        1.50249997774760      -0.434210809337908     
   4.50749993324280        1.80299997329712      -0.351099099303879     
   4.50749993324280        2.10349996884664      -0.290319351018432     
   4.50749993324280        2.40399996439616      -0.247483791177979     
   4.50749993324280        2.70449995994568      -0.217696253246309     
   4.50749993324280        3.00499995549520      -0.196101309820547     
   4.50749993324280        3.30549995104472      -0.178800572434477     
   4.50749993324280        3.60599994659424      -0.163490591021815     
   4.50749993324280        3.90649994214376      -0.149411074059629     
   4.50749993324280        4.20699993769328      -0.136696595207265     
   4.50749993324280        4.50749993324280      -0.125568778208818     
   4.50749993324280        4.80799992879232      -0.115851639856037     
   4.50749993324280        5.10849992434184      -0.107013228717429     
   4.50749993324280        5.40899991989136      -9.853673510641393E-002
   4.50749993324280        5.70949991544088      -9.022961856602398E-002
   4.50749993324280        6.00999991099040      -8.223211096192945E-002
   4.50749993324280        6.31049990653992      -7.478777734451499E-002
   4.50749993324280        6.61099990208944      -6.813254195370681E-002
   4.50749993324280        6.91149989763896      -6.260953634403510E-002
   4.50749993324280        7.21199989318848      -5.821487938482893E-002
   4.80799992879232       0.000000000000000E+000 -0.732774403825913     
   4.80799992879232       0.300499995549520      -0.705278282969347     
   4.80799992879232       0.600999991099040      -0.633817579830368     
   4.80799992879232       0.901499986648560      -0.543930481076648     
   4.80799992879232        1.20199998219808      -0.455437326640318     
   4.80799992879232        1.50249997774760      -0.378362146585697     
   4.80799992879232        1.80299997329712      -0.316278771630123     
   4.80799992879232        2.10349996884664      -0.269211712633124     
   4.80799992879232        2.40399996439616      -0.234999391615798     
   4.80799992879232        2.70449995994568      -0.210195230195410     
   4.80799992879232        3.00499995549520      -0.191118830384943     
   4.80799992879232        3.30549995104472      -0.174894380245522     
   4.80799992879232        3.60599994659424      -0.160007621605300     
   4.80799992879232        3.90649994214376      -0.146174200167414     
   4.80799992879232        4.20699993769328      -0.133717046955233     
   4.80799992879232        4.50749993324280      -0.122873793864915     
   4.80799992879232        4.80799992879232      -0.113442442292742     
   4.80799992879232        5.10849992434184      -0.104898428489274     
   4.80799992879232        5.40899991989136      -9.676864063936225E-002
   4.80799992879232        5.70949991544088      -8.890351053499414E-002
   4.80799992879232        6.00999991099040      -8.145601503367313E-002
   4.80799992879232        6.31049990653992      -7.465565054566851E-002
   4.80799992879232        6.61099990208944      -6.861751779007524E-002
   4.80799992879232        6.91149989763896      -6.334414420409401E-002
   4.80799992879232        7.21199989318848      -5.881295473498464E-002
   5.10849992434184       0.000000000000000E+000 -0.538218700062906     
   5.10849992434184       0.300499995549520      -0.524129571307121     
   5.10849992434184       0.600999991099040      -0.486237671673828     
   5.10849992434184       0.901499986648560      -0.434880594514763     
   5.10849992434184        1.20199998219808      -0.379479487732482     
   5.10849992434184        1.50249997774760      -0.327528476108980     
   5.10849992434184        1.80299997329712      -0.283425922164950     
   5.10849992434184        2.10349996884664      -0.248609375050419     
   5.10849992434184        2.40399996439616      -0.222180066279414     
   5.10849992434184        2.70449995994568      -0.201838322964090     
   5.10849992434184        3.00499995549520      -0.185007968254830     
   5.10849992434184        3.30549995104472      -0.169796616786550     
   5.10849992434184        3.60599994659424      -0.155417149212627     
   5.10849992434184        3.90649994214376      -0.141985716661091     
   5.10849992434184        4.20699993769328      -0.129944081612142     
   5.10849992434184        4.50749993324280      -0.119503944368378     
   5.10849992434184        4.80799992879232      -0.110434825628109     
   5.10849992434184        5.10849992434184      -0.102245999702568     
   5.10849992434184        5.40899991989136      -9.453352333061139E-002
   5.10849992434184        5.70949991544088      -8.718916190088108E-002
   5.10849992434184        6.00999991099040      -8.034051060095034E-002
   5.10849992434184        6.31049990653992      -7.413536039978938E-002
   5.10849992434184        6.61099990208944      -6.859083911869397E-002
   5.10849992434184        6.91149989763896      -6.363368169882337E-002
   5.10849992434184        7.21199989318848      -5.915950938683106E-002
   5.40899991989136       0.000000000000000E+000 -0.410313510186540     
   5.40899991989136       0.300499995549520      -0.402595772817392     
   5.40899991989136       0.600999991099040      -0.381588434753074     
   5.40899991989136       0.901499986648560      -0.351575875529829     
   5.40899991989136        1.20199998219808      -0.317927720852912     
   5.40899991989136        1.50249997774760      -0.284811441686524     
   5.40899991989136        1.80299997329712      -0.254809828329846     
   5.40899991989136        2.10349996884664      -0.229743142283050     
   5.40899991989136        2.40399996439616      -0.209484254256056     
   5.40899991989136        2.70449995994568      -0.192656311929722     
   5.40899991989136        3.00499995549520      -0.177654727139335     
   5.40899991989136        3.30549995104472      -0.163424937671072     
   5.40899991989136        3.60599994659424      -0.149732307819642     
   5.40899991989136        3.90649994214376      -0.136932605410728     
   5.40899991989136        4.20699993769328      -0.125488041767974     
   5.40899991989136        4.50749993324280      -0.115558697250419     
   5.40899991989136        4.80799992879232      -0.106909634289564     
   5.40899991989136        5.10849992434184      -9.912389152749003E-002
   5.40899991989136        5.40899991989136      -9.189430970547849E-002
   5.40899991989136        5.70949991544088      -8.515459429028006E-002
   5.40899991989136        6.00999991099040      -7.897343992488776E-002
   5.40899991989136        6.31049990653992      -7.335380561860370E-002
   5.40899991989136        6.61099990208944      -6.826573636805819E-002
   5.40899991989136        6.91149989763896      -6.360454589541864E-002
   5.40899991989136        7.21199989318848      -5.926422662484464E-002
   5.70949991544088       0.000000000000000E+000 -0.326307876863733     
   5.70949991544088       0.300499995549520      -0.322156799198285     
   5.70949991544088       0.600999991099040      -0.310381792770368     
   5.70949991544088       0.901499986648560      -0.292802957609813     
   5.70949991544088        1.20199998219808      -0.272092996462213     
   5.70949991544088        1.50249997774760      -0.250861243365806     
   5.70949991544088        1.80299997329712      -0.230801466423647     
   5.70949991544088        2.10349996884664      -0.212675293037790     
   5.70949991544088        2.40399996439616      -0.196785229820317     
   5.70949991544088        2.70449995994568      -0.182501153443166     
   5.70949991544088        3.00499995549520      -0.169007038616555     
   5.70949991544088        3.30549995104472      -0.155862896700962     
   5.70949991544088        3.60599994659424      -0.143135153309116     
   5.70949991544088        3.90649994214376      -0.131221040066818     
   5.70949991544088        4.20699993769328      -0.120528740387585     
   5.70949991544088        4.50749993324280      -0.111181489733808     
   5.70949991544088        4.80799992879232      -0.102982258231320     
   5.70949991544088        5.10849992434184      -9.562762709797945E-002
   5.70949991544088        5.40899991989136      -8.893115783168826E-002
   5.70949991544088        5.70949991544088      -8.286212706235707E-002
   5.70949991544088        6.00999991099040      -7.734177448992856E-002
   5.70949991544088        6.31049990653992      -7.233072258569199E-002
   5.70949991544088        6.61099990208944      -6.775217208642194E-002
   5.70949991544088        6.91149989763896      -6.345125023146474E-002
   5.70949991544088        7.21199989318848      -5.929057185458756E-002
   6.00999991099040       0.000000000000000E+000 -0.271871587736759     
   6.00999991099040       0.300499995549520      -0.269822763569793     
   6.00999991099040       0.600999991099040      -0.263430137057168     
   6.00999991099040       0.901499986648560      -0.252854297101931     
   6.00999991099040        1.20199998219808      -0.239528608103964     
   6.00999991099040        1.50249997774760      -0.225118746771410     
   6.00999991099040        1.80299997329712      -0.210742766896317     
   6.00999991099040        2.10349996884664      -0.196886621021098     
   6.00999991099040        2.40399996439616      -0.183798907903716     
   6.00999991099040        2.70449995994568      -0.171335133887823     
   6.00999991099040        3.00499995549520      -0.159243411924051     
   6.00999991099040        3.30549995104472      -0.147456930571933     
   6.00999991099040        3.60599994659424      -0.136023826556668     
   6.00999991099040        3.90649994214376      -0.125174627558655     
   6.00999991099040        4.20699993769328      -0.115284431167985     
   6.00999991099040        4.50749993324280      -0.106537800090960     
   6.00999991099040        4.80799992879232      -9.879076633915360E-002
   6.00999991099040        5.10849992434184      -9.186428086420252E-002
   6.00999991099040        5.40899991989136      -8.570229555421395E-002
   6.00999991099040        5.70949991544088      -8.025110054157100E-002
   6.00999991099040        6.00999991099040      -7.538594904823789E-002
   6.00999991099040        6.31049990653992      -7.101735782838788E-002
   6.00999991099040        6.61099990208944      -6.703264997442003E-002
   6.00999991099040        6.91149989763896      -6.322342692124405E-002
   6.00999991099040        7.21199989318848      -5.932429544310497E-002
   6.31049990653992       0.000000000000000E+000 -0.235668976189592     
   6.31049990653992       0.300499995549520      -0.235334625226172     
   6.31049990653992       0.600999991099040      -0.232267348640561     
   6.31049990653992       0.901499986648560      -0.225212311818278     
   6.31049990653992        1.20199998219808      -0.215531748819596     
   6.31049990653992        1.50249997774760      -0.204670057264703     
   6.31049990653992        1.80299997329712      -0.193344301725076     
   6.31049990653992        2.10349996884664      -0.181805665320446     
   6.31049990653992        2.40399996439616      -0.170435825993939     
   6.31049990653992        2.70449995994568      -0.159360568989245     
   6.31049990653992        3.00499995549520      -0.148651481905162     
   6.31049990653992        3.30549995104472      -0.138404756948211     
   6.31049990653992        3.60599994659424      -0.128538708589891     
   6.31049990653992        3.90649994214376      -0.118971777198435     
   6.31049990653992        4.20699993769328      -0.109925795598561     
   6.31049990653992        4.50749993324280      -0.101752725374398     
   6.31049990653992        4.80799992879232      -9.446912466950513E-002
   6.31049990653992        5.10849992434184      -8.792708305044632E-002
   6.31049990653992        5.40899991989136      -8.222221112499473E-002
   6.31049990653992        5.70949991544088      -7.733567502941278E-002
   6.31049990653992        6.00999991099040      -7.308775554292794E-002
   6.31049990653992        6.31049990653992      -6.931727633606845E-002
   6.31049990653992        6.61099990208944      -6.593165371792832E-002
   6.31049990653992        6.91149989763896      -6.281081084719971E-002
   6.31049990653992        7.21199989318848      -5.939773190557877E-002
   6.61099990208944       0.000000000000000E+000 -0.208853655755232     
   6.61099990208944       0.300499995549520      -0.210429537803054     
   6.61099990208944       0.600999991099040      -0.209224940056534     
   6.61099990208944       0.901499986648560      -0.203684480318665     
   6.61099990208944        1.20199998219808      -0.195718704928845     
   6.61099990208944        1.50249997774760      -0.186685905211483     
   6.61099990208944        1.80299997329712      -0.177102064427372     
   6.61099990208944        2.10349996884664      -0.167089596380875     
   6.61099990208944        2.40399996439616      -0.156930344736929     
   6.61099990208944        2.70449995994568      -0.146968041178312     
   6.61099990208944        3.00499995549520      -0.137547183187590     
   6.61099990208944        3.30549995104472      -0.129113711930616     
   6.61099990208944        3.60599994659424      -0.121292818686882     
   6.61099990208944        3.90649994214376      -0.113163750887335     
   6.61099990208944        4.20699993769328      -0.104929502218604     
   6.61099990208944        4.50749993324280      -9.709779102975616E-002
   6.61099990208944        4.80799992879232      -9.014579600716482E-002
   6.61099990208944        5.10849992434184      -8.389818782594156E-002
   6.61099990208944        5.40899991989136      -7.859561426665214E-002
   6.61099990208944        5.70949991544088      -7.421859925966588E-002
   6.61099990208944        6.00999991099040      -7.053295408786706E-002
   6.61099990208944        6.31049990653992      -6.723185460864271E-002
   6.61099990208944        6.61099990208944      -6.416727330280912E-002
   6.61099990208944        6.91149989763896      -6.180048268584833E-002
   6.61099990208944        7.21199989318848      -5.942221794823494E-002
   6.91149989763896       0.000000000000000E+000 -0.191041078589689     
   6.91149989763896       0.300499995549520      -0.192709167873633     
   6.91149989763896       0.600999991099040      -0.188974337991783     
   6.91149989763896       0.901499986648560      -0.184086877006564     
   6.91149989763896        1.20199998219808      -0.177388083458886     
   6.91149989763896        1.50249997774760      -0.169683711905993     
   6.91149989763896        1.80299997329712      -0.161447398507764     
   6.91149989763896        2.10349996884664      -0.152771480411336     
   6.91149989763896        2.40399996439616      -0.143824202073755     
   6.91149989763896        2.70449995994568      -0.134959472105845     
   6.91149989763896        3.00499995549520      -0.126902042043279     
   6.91149989763896        3.30549995104472      -0.120859212713391     
   6.91149989763896        3.60599994659424      -0.115714903681887     
   6.91149989763896        3.90649994214376      -0.108424956236872     
   6.91149989763896        4.20699993769328      -0.100748696460362     
   6.91149989763896        4.50749993324280      -9.299537801797741E-002
   6.91149989763896        4.80799992879232      -8.597821032444866E-002
   6.91149989763896        5.10849992434184      -7.993015249651646E-002
   6.91149989763896        5.40899991989136      -7.495730037688202E-002
   6.91149989763896        5.70949991544088      -7.106394670270651E-002
   6.91149989763896        6.00999991099040      -6.796182088390498E-002
   6.91149989763896        6.31049990653992      -6.520863485231823E-002
   6.91149989763896        6.61099990208944      -6.229686826351503E-002
   6.91149989763896        6.91149989763896      -6.003620091726539E-002
   6.91149989763896        7.21199989318848      -5.899949007552699E-002
   7.21199989318848       0.000000000000000E+000 -0.180144164037398     
   7.21199989318848       0.300499995549520      -0.179477301877982     
   7.21199989318848       0.600999991099040      -0.172713652713364     
   7.21199989318848       0.901499986648560      -0.166639170458967     
   7.21199989318848        1.20199998219808      -0.160334667176428     
   7.21199989318848        1.50249997774760      -0.153680748537849     
   7.21199989318848        1.80299997329712      -0.146691539652309     
   7.21199989318848        2.10349996884664      -0.139383883522006     
   7.21199989318848        2.40399996439616      -0.131837279097977     
   7.21199989318848        2.70449995994568      -0.124381132522701     
   7.21199989318848        3.00499995549520      -0.117986938770766     
   7.21199989318848        3.30549995104472      -0.114148807216210     
   7.21199989318848        3.60599994659424      -0.110908775906590     
   7.21199989318848        3.90649994214376      -0.104079631394253     
   7.21199989318848        4.20699993769328      -9.707275218612264E-002
   7.21199989318848        4.50749993324280      -8.918775718340891E-002
   7.21199989318848        4.80799992879232      -8.202582353505315E-002
   7.21199989318848        5.10849992434184      -7.607592379289478E-002
   7.21199989318848        5.40899991989136      -7.143384473728911E-002
   7.21199989318848        5.70949991544088      -6.798497816556334E-002
   7.21199989318848        6.00999991099040      -6.548836512297486E-002
   7.21199989318848        6.31049990653992      -6.359238868510783E-002
   7.21199989318848        6.61099990208944      -6.182555754791474E-002
   7.21199989318848        6.91149989763896      -5.977926838459147E-002
   7.21199989318848        7.21199989318848      -5.738283868491002E-002
