  0.000000000000000E+000  0.000000000000000E+000 -0.154681742056650     
  0.000000000000000E+000  0.300499995549520      -0.158569728543044     
  0.000000000000000E+000  0.600999991099040      -0.159858066711871     
  0.000000000000000E+000  0.901499986648560      -0.160800856401072     
  0.000000000000000E+000   1.20199998219808      -0.161379648852374     
  0.000000000000000E+000   1.50249997774760      -0.161456641417320     
  0.000000000000000E+000   1.80299997329712      -0.160962270628264     
  0.000000000000000E+000   2.10349996884664      -0.159942607447607     
  0.000000000000000E+000   2.40399996439616      -0.158497726604919     
  0.000000000000000E+000   2.70449995994568      -0.156701551435351     
  0.000000000000000E+000   3.00499995549520      -0.154799374003802     
  0.000000000000000E+000   3.30549995104472      -0.152885334430595     
  0.000000000000000E+000   3.60599994659424      -0.149710656933908     
  0.000000000000000E+000   3.90649994214376      -0.143506116619066     
  0.000000000000000E+000   4.20699993769328      -0.135962655688284     
  0.000000000000000E+000   4.50749993324280      -0.126057640993936     
  0.000000000000000E+000   4.80799992879232      -0.116587644608267     
  0.000000000000000E+000   5.10849992434184      -0.108576952339007     
  0.000000000000000E+000   5.40899991989136      -0.102166211450937     
  0.000000000000000E+000   5.70949991544088      -9.710552299248146E-002
  0.000000000000000E+000   6.00999991099040      -9.305411872688803E-002
  0.000000000000000E+000   6.31049990653992      -8.957837534058183E-002
  0.000000000000000E+000   6.61099990208944      -8.625030153421721E-002
  0.000000000000000E+000   6.91149989763896      -8.318729248853712E-002
  0.000000000000000E+000   7.21199989318848      -8.004959216746746E-002
  0.300499995549520       0.000000000000000E+000 -0.160562798329957     
  0.300499995549520       0.300499995549520      -0.163310508455473     
  0.300499995549520       0.600999991099040      -0.169466491969663     
  0.300499995549520       0.901499986648560      -0.175242386654087     
  0.300499995549520        1.20199998219808      -0.178092999012920     
  0.300499995549520        1.50249997774760      -0.179013030331544     
  0.300499995549520        1.80299997329712      -0.178692486115076     
  0.300499995549520        2.10349996884664      -0.177414604497789     
  0.300499995549520        2.40399996439616      -0.175302513492538     
  0.300499995549520        2.70449995994568      -0.172094704263865     
  0.300499995549520        3.00499995549520      -0.167673917136725     
  0.300499995549520        3.30549995104472      -0.162597314903813     
  0.300499995549520        3.60599994659424      -0.157687312330903     
  0.300499995549520        3.90649994214376      -0.151667690095853     
  0.300499995549520        4.20699993769328      -0.143734708549766     
  0.300499995549520        4.50749993324280      -0.134069275525999     
  0.300499995549520        4.80799992879232      -0.124636903834381     
  0.300499995549520        5.10849992434184      -0.116276445685245     
  0.300499995549520        5.40899991989136      -0.109224716199224     
  0.300499995549520        5.70949991544088      -0.103406995144048     
  0.300499995549520        6.00999991099040      -9.845618840174337E-002
  0.300499995549520        6.31049990653992      -9.387336816381082E-002
  0.300499995549520        6.61099990208944      -8.914255129629137E-002
  0.300499995549520        6.91149989763896      -8.521640646737097E-002
  0.300499995549520        7.21199989318848      -8.284207463379312E-002
  0.600999991099040       0.000000000000000E+000 -0.168733362033250     
  0.600999991099040       0.300499995549520      -0.175672668904904     
  0.600999991099040       0.600999991099040      -0.184294445135707     
  0.600999991099040       0.901499986648560      -0.191793318359026     
  0.600999991099040        1.20199998219808      -0.196250050605640     
  0.600999991099040        1.50249997774760      -0.198207688245605     
  0.600999991099040        1.80299997329712      -0.198328200358935     
  0.600999991099040        2.10349996884664      -0.197015642492832     
  0.600999991099040        2.40399996439616      -0.194493464654808     
  0.600999991099040        2.70449995994568      -0.190446123127316     
  0.600999991099040        3.00499995549520      -0.184379903720187     
  0.600999991099040        3.30549995104472      -0.176726189276551     
  0.600999991099040        3.60599994659424      -0.168783122824967     
  0.600999991099040        3.90649994214376      -0.160908533098977     
  0.600999991099040        4.20699993769328      -0.152080504920132     
  0.600999991099040        4.50749993324280      -0.142348086843308     
  0.600999991099040        4.80799992879232      -0.132913833217349     
  0.600999991099040        5.10849992434184      -0.124156834721010     
  0.600999991099040        5.40899991989136      -0.116478301209072     
  0.600999991099040        5.70949991544088      -0.109865470537930     
  0.600999991099040        6.00999991099040      -0.104000595304206     
  0.600999991099040        6.31049990653992      -9.852016594388638E-002
  0.600999991099040        6.61099990208944      -9.320788634118532E-002
  0.600999991099040        6.91149989763896      -8.857249897132335E-002
  0.600999991099040        7.21199989318848      -8.440586286020099E-002
  0.901499986648560       0.000000000000000E+000 -0.179648773992372     
  0.901499986648560       0.300499995549520      -0.190502933122385     
  0.901499986648560       0.600999991099040      -0.201031396948183     
  0.901499986648560       0.901499986648560      -0.209826188732559     
  0.901499986648560        1.20199998219808      -0.215860729274878     
  0.901499986648560        1.50249997774760      -0.219118964429290     
  0.901499986648560        1.80299997329712      -0.219942710469950     
  0.901499986648560        2.10349996884664      -0.218764020368457     
  0.901499986648560        2.40399996439616      -0.216066088632347     
  0.901499986648560        2.70449995994568      -0.211468958306964     
  0.901499986648560        3.00499995549520      -0.204546658897792     
  0.901499986648560        3.30549995104472      -0.195472438327757     
  0.901499986648560        3.60599994659424      -0.185126889173037     
  0.901499986648560        3.90649994214376      -0.174260711448666     
  0.901499986648560        4.20699993769328      -0.163110139540276     
  0.901499986648560        4.50749993324280      -0.152095765916936     
  0.901499986648560        4.80799992879232      -0.141799829104565     
  0.901499986648560        5.10849992434184      -0.132351399982792     
  0.901499986648560        5.40899991989136      -0.123847626537741     
  0.901499986648560        5.70949991544088      -0.116319764728386     
  0.901499986648560        6.00999991099040      -0.109465104529913     
  0.901499986648560        6.31049990653992      -0.103069481698333     
  0.901499986648560        6.61099990208944      -9.704130857904823E-002
  0.901499986648560        6.91149989763896      -9.136180381443085E-002
  0.901499986648560        7.21199989318848      -8.568505238622810E-002
   1.20199998219808       0.000000000000000E+000 -0.191789960878738     
   1.20199998219808       0.300499995549520      -0.205405663648275     
   1.20199998219808       0.600999991099040      -0.218310353605971     
   1.20199998219808       0.901499986648560      -0.229341556353231     
   1.20199998219808        1.20199998219808      -0.237516638307497     
   1.20199998219808        1.50249997774760      -0.242399977231356     
   1.20199998219808        1.80299997329712      -0.244031963438167     
   1.20199998219808        2.10349996884664      -0.243073759120801     
   1.20199998219808        2.40399996439616      -0.239979462489912     
   1.20199998219808        2.70449995994568      -0.234425033819127     
   1.20199998219808        3.00499995549520      -0.226279740169888     
   1.20199998219808        3.30549995104472      -0.215704046297415     
   1.20199998219808        3.60599994659424      -0.203215181131499     
   1.20199998219808        3.90649994214376      -0.189650731657154     
   1.20199998219808        4.20699993769328      -0.175959543978665     
   1.20199998219808        4.50749993324280      -0.163021849689821     
   1.20199998219808        4.80799992879232      -0.151288442026652     
   1.20199998219808        5.10849992434184      -0.140759627499993     
   1.20199998219808        5.40899991989136      -0.131240600711765     
   1.20199998219808        5.70949991544088      -0.122615968696853     
   1.20199998219808        6.00999991099040      -0.114626889541757     
   1.20199998219808        6.31049990653992      -0.107138444200426     
   1.20199998219808        6.61099990208944      -0.100113556519768     
   1.20199998219808        6.91149989763896      -9.346008733324787E-002
   1.20199998219808        7.21199989318848      -8.697066845718143E-002
   1.50249997774760       0.000000000000000E+000 -0.206388600366398     
   1.50249997774760       0.300499995549520      -0.222555292598939     
   1.50249997774760       0.600999991099040      -0.238163886740650     
   1.50249997774760       0.901499986648560      -0.252035956116646     
   1.50249997774760        1.20199998219808      -0.262816475928259     
   1.50249997774760        1.50249997774760      -0.269482909622353     
   1.50249997774760        1.80299997329712      -0.271892333903528     
   1.50249997774760        2.10349996884664      -0.270758924060355     
   1.50249997774760        2.40399996439616      -0.266367824360956     
   1.50249997774760        2.70449995994568      -0.258988761412339     
   1.50249997774760        3.00499995549520      -0.248859842111337     
   1.50249997774760        3.30549995104472      -0.236218614481122     
   1.50249997774760        3.60599994659424      -0.221518325874605     
   1.50249997774760        3.90649994214376      -0.205598744190136     
   1.50249997774760        4.20699993769328      -0.189595406720608     
   1.50249997774760        4.50749993324280      -0.174571020234134     
   1.50249997774760        4.80799992879232      -0.161115105802911     
   1.50249997774760        5.10849992434184      -0.149221026694590     
   1.50249997774760        5.40899991989136      -0.138521672708178     
   1.50249997774760        5.70949991544088      -0.128671314641999     
   1.50249997774760        6.00999991099040      -0.119460010741966     
   1.50249997774760        6.31049990653992      -0.110815105778312     
   1.50249997774760        6.61099990208944      -0.102791698318121     
   1.50249997774760        6.91149989763896      -9.536669693940683E-002
   1.50249997774760        7.21199989318848      -8.839133085284204E-002
   1.80299997329712       0.000000000000000E+000 -0.225095494052788     
   1.80299997329712       0.300499995549520      -0.244182082097988     
   1.80299997329712       0.600999991099040      -0.262920023072833     
   1.80299997329712       0.901499986648560      -0.280059243043013     
   1.80299997329712        1.20199998219808      -0.293734016325214     
   1.80299997329712        1.50249997774760      -0.302307271360285     
   1.80299997329712        1.80299997329712      -0.305208209794740     
   1.80299997329712        2.10349996884664      -0.302625432689523     
   1.80299997329712        2.40399996439616      -0.295461845968877     
   1.80299997329712        2.70449995994568      -0.284887651660385     
   1.80299997329712        3.00499995549520      -0.271778672140345     
   1.80299997329712        3.30549995104472      -0.256565844966543     
   1.80299997329712        3.60599994659424      -0.239569593245839     
   1.80299997329712        3.90649994214376      -0.221435159792017     
   1.80299997329712        4.20699993769328      -0.203233887372602     
   1.80299997329712        4.50749993324280      -0.186127476675276     
   1.80299997329712        4.80799992879232      -0.170858672295038     
   1.80299997329712        5.10849992434184      -0.157477997071994     
   1.80299997329712        5.40899991989136      -0.145518636422013     
   1.80299997329712        5.70949991544088      -0.134450862436914     
   1.80299997329712        6.00999991099040      -0.124029294883695     
   1.80299997329712        6.31049990653992      -0.114284770191662     
   1.80299997329712        6.61099990208944      -0.105370878953693     
   1.80299997329712        6.91149989763896      -9.733120269519621E-002
   1.80299997329712        7.21199989318848      -8.999954671299931E-002
   2.10349996884664       0.000000000000000E+000 -0.249684184780547     
   2.10349996884664       0.300499995549520      -0.272353910629875     
   2.10349996884664       0.600999991099040      -0.294644927412747     
   2.10349996884664       0.901499986648560      -0.315278437313183     
   2.10349996884664        1.20199998219808      -0.331881960885839     
   2.10349996884664        1.50249997774760      -0.342081628619951     
   2.10349996884664        1.80299997329712      -0.344350730730483     
   2.10349996884664        2.10349996884664      -0.338811409673828     
   2.10349996884664        2.40399996439616      -0.327183997190630     
   2.10349996884664        2.70449995994568      -0.311808382219774     
   2.10349996884664        3.00499995549520      -0.294488865249010     
   2.10349996884664        3.30549995104472      -0.276003369030263     
   2.10349996884664        3.60599994659424      -0.256504158987222     
   2.10349996884664        3.90649994214376      -0.236265109133261     
   2.10349996884664        4.20699993769328      -0.216079598264210     
   2.10349996884664        4.50749993324280      -0.197061081357337     
   2.10349996884664        4.80799992879232      -0.180061715914617     
   2.10349996884664        5.10849992434184      -0.165223238174161     
   2.10349996884664        5.40899991989136      -0.152045044643305     
   2.10349996884664        5.70949991544088      -0.139873151427613     
   2.10349996884664        6.00999991099040      -0.128378783936762     
   2.10349996884664        6.31049990653992      -0.117662903723035     
   2.10349996884664        6.61099990208944      -0.107986393348281     
   2.10349996884664        6.91149989763896      -9.945173516742149E-002
   2.10349996884664        7.21199989318848      -9.182441267595466E-002
   2.40399996439616       0.000000000000000E+000 -0.282649951730790     
   2.40399996439616       0.300499995549520      -0.309424628202864     
   2.40399996439616       0.600999991099040      -0.335241998374041     
   2.40399996439616       0.901499986648560      -0.358482869648698     
   2.40399996439616        1.20199998219808      -0.376853846775704     
   2.40399996439616        1.50249997774760      -0.387435327031179     
   2.40399996439616        1.80299997329712      -0.387850457084604     
   2.40399996439616        2.10349996884664      -0.378043972534048     
   2.40399996439616        2.40399996439616      -0.360531614000590     
   2.40399996439616        2.70449995994568      -0.338977990770184     
   2.40399996439616        3.00499995549520      -0.316341477366751     
   2.40399996439616        3.30549995104472      -0.293905869107329     
   2.40399996439616        3.60599994659424      -0.271670646512535     
   2.40399996439616        3.90649994214376      -0.249423508882766     
   2.40399996439616        4.20699993769328      -0.227508027100489     
   2.40399996439616        4.50749993324280      -0.206843213329055     
   2.40399996439616        4.80799992879232      -0.188315316504526     
   2.40399996439616        5.10849992434184      -0.172157233111577     
   2.40399996439616        5.40899991989136      -0.157880992708717     
   2.40399996439616        5.70949991544088      -0.144756501080758     
   2.40399996439616        6.00999991099040      -0.132382582493217     
   2.40399996439616        6.31049990653992      -0.120882228847178     
   2.40399996439616        6.61099990208944      -0.110617438453597     
   2.40399996439616        6.91149989763896      -0.101723300441278     
   2.40399996439616        7.21199989318848      -9.389911810186945E-002
   2.70449995994568       0.000000000000000E+000 -0.324804604263968     
   2.70449995994568       0.300499995549520      -0.356148566590373     
   2.70449995994568       0.600999991099040      -0.386026940746537     
   2.70449995994568       0.901499986648560      -0.409996954055404     
   2.70449995994568        1.20199998219808      -0.426138440679242     
   2.70449995994568        1.50249997774760      -0.434722717929868     
   2.70449995994568        1.80299997329712      -0.432016702605175     
   2.70449995994568        2.10349996884664      -0.417147827499938     
   2.70449995994568        2.40399996439616      -0.393089050256268     
   2.70449995994568        2.70449995994568      -0.364736961224826     
   2.70449995994568        3.00499995549520      -0.336265001306175     
   2.70449995994568        3.30549995104472      -0.309574100479459     
   2.70449995994568        3.60599994659424      -0.284549046455269     
   2.70449995994568        3.90649994214376      -0.260438091005980     
   2.70449995994568        4.20699993769328      -0.237059008594131     
   2.70449995994568        4.50749993324280      -0.215053612823872     
   2.70449995994568        4.80799992879232      -0.195267705426008     
   2.70449995994568        5.10849992434184      -0.177999567555223     
   2.70449995994568        5.40899991989136      -0.162797034245742     
   2.70449995994568        5.70949991544088      -0.148888402343854     
   2.70449995994568        6.00999991099040      -0.135811587620571     
   2.70449995994568        6.31049990653992      -0.123696756252283     
   2.70449995994568        6.61099990208944      -0.112989477421794     
   2.70449995994568        6.91149989763896      -0.103958126935294     
   2.70449995994568        7.21199989318848      -9.621290341996119E-002
   3.00499995549520       0.000000000000000E+000 -0.371350747378619     
   3.00499995549520       0.300499995549520      -0.407378412270671     
   3.00499995549520       0.600999991099040      -0.440786403228796     
   3.00499995549520       0.901499986648560      -0.465893983185775     
   3.00499995549520        1.20199998219808      -0.475196613929989     
   3.00499995549520        1.50249997774760      -0.477997678743645     
   3.00499995549520        1.80299997329712      -0.471107010266530     
   3.00499995549520        2.10349996884664      -0.451218853782621     
   3.00499995549520        2.40399996439616      -0.421085890429265     
   3.00499995549520        2.70449995994568      -0.386489770708666     
   3.00499995549520        3.00499995549520      -0.352665157259355     
   3.00499995549520        3.30549995104472      -0.322117569822988     
   3.00499995549520        3.60599994659424      -0.294630340472576     
   3.00499995549520        3.90649994214376      -0.268925550528491     
   3.00499995549520        4.20699993769328      -0.244359042059046     
   3.00499995549520        4.50749993324280      -0.221324312947096     
   3.00499995549520        4.80799992879232      -0.200586173949037     
   3.00499995549520        5.10849992434184      -0.182469078189361     
   3.00499995549520        5.40899991989136      -0.166554621059187     
   3.00499995549520        5.70949991544088      -0.152046181627449     
   3.00499995549520        6.00999991099040      -0.138420821397669     
   3.00499995549520        6.31049990653992      -0.125787357243456     
   3.00499995549520        6.61099990208944      -0.114719520738404     
   3.00499995549520        6.91149989763896      -0.105791930135011     
   3.00499995549520        7.21199989318848      -9.848826327510878E-002
   3.30549995104472       0.000000000000000E+000 -0.406312789918762     
   3.30549995104472       0.300499995549520      -0.448581634637510     
   3.30549995104472       0.600999991099040      -0.485921661072622     
   3.30549995104472       0.901499986648560      -0.510598810078989     
   3.30549995104472        1.20199998219808      -0.514963787730603     
   3.30549995104472        1.50249997774760      -0.509377088723033     
   3.30549995104472        1.80299997329712      -0.498405730376127     
   3.30549995104472        2.10349996884664      -0.474693053499479     
   3.30549995104472        2.40399996439616      -0.440218005567936     
   3.30549995104472        2.70449995994568      -0.401216566056063     
   3.30549995104472        3.00499995549520      -0.363643900190389     
   3.30549995104472        3.30549995104472      -0.330442917206523     
   3.30549995104472        3.60599994659424      -0.301278667247199     
   3.30549995104472        3.90649994214376      -0.274439911408496     
   3.30549995104472        4.20699993769328      -0.249021799026960     
   3.30549995104472        4.50749993324280      -0.225294578925439     
   3.30549995104472        4.80799992879232      -0.203945827527810     
   3.30549995104472        5.10849992434184      -0.185290852697083     
   3.30549995104472        5.40899991989136      -0.168924130446364     
   3.30549995104472        5.70949991544088      -0.154027756563376     
   3.30549995104472        6.00999991099040      -0.140003236845097     
   3.30549995104472        6.31049990653992      -0.126961871748652     
   3.30549995104472        6.61099990208944      -0.115541530043549     
   3.30549995104472        6.91149989763896      -0.106788471452703     
   3.30549995104472        7.21199989318848      -9.991369365900955E-002
   3.60599994659424       0.000000000000000E+000 -0.414965791840239     
   3.60599994659424       0.300499995549520      -0.463524996234975     
   3.60599994659424       0.600999991099040      -0.503675633327835     
   3.60599994659424       0.901499986648560      -0.527970319802283     
   3.60599994659424        1.20199998219808      -0.530510730972428     
   3.60599994659424        1.50249997774760      -0.521017316849641     
   3.60599994659424        1.80299997329712      -0.508260760612870     
   3.60599994659424        2.10349996884664      -0.483095259530968     
   3.60599994659424        2.40399996439616      -0.447037001514057     
   3.60599994659424        2.70449995994568      -0.406446345507566     
   3.60599994659424        3.00499995549520      -0.367534957731435     
   3.60599994659424        3.30549995104472      -0.333406718171938     
   3.60599994659424        3.60599994659424      -0.303659899908602     
   3.60599994659424        3.90649994214376      -0.276392854949719     
   3.60599994659424        4.20699993769328      -0.250642883268375     
   3.60599994659424        4.50749993324280      -0.226660032243938     
   3.60599994659424        4.80799992879232      -0.205097198167255     
   3.60599994659424        5.10849992434184      -0.186257747743456     
   3.60599994659424        5.40899991989136      -0.169735907586540     
   3.60599994659424        5.70949991544088      -0.154703371687554     
   3.60599994659424        6.00999991099040      -0.140525956726515     
   3.60599994659424        6.31049990653992      -0.127318819329815     
   3.60599994659424        6.61099990208944      -0.115720306938852     
   3.60599994659424        6.91149989763896      -0.107175522695543     
   3.60599994659424        7.21199989318848      -0.100803706727299     
   3.90649994214376       0.000000000000000E+000 -0.406324543096187     
   3.90649994214376       0.300499995549520      -0.448646687644203     
   3.90649994214376       0.600999991099040      -0.485982548309405     
   3.90649994214376       0.901499986648560      -0.510640958331972     
   3.90649994214376        1.20199998219808      -0.514991469415896     
   3.90649994214376        1.50249997774760      -0.509396672742178     
   3.90649994214376        1.80299997329712      -0.498421140539828     
   3.90649994214376        2.10349996884664      -0.474705486865502     
   3.90649994214376        2.40399996439616      -0.440228137621616     
   3.90649994214376        2.70449995994568      -0.401224823972283     
   3.90649994214376        3.00499995549520      -0.363650725134748     
   3.90649994214376        3.30549995104472      -0.330448682730036     
   3.90649994214376        3.60599994659424      -0.301283512880890     
   3.90649994214376        3.90649994214376      -0.274444010354297     
   3.90649994214376        4.20699993769328      -0.249025201112858     
   3.90649994214376        4.50749993324280      -0.225297509005447     
   3.90649994214376        4.80799992879232      -0.203948605900681     
   3.90649994214376        5.10849992434184      -0.185293909701911     
   3.90649994214376        5.40899991989136      -0.168927905367347     
   3.90649994214376        5.70949991544088      -0.154032778632615     
   3.90649994214376        6.00999991099040      -0.140010419939323     
   3.90649994214376        6.31049990653992      -0.126972599255321     
   3.90649994214376        6.61099990208944      -0.115556074962887     
   3.90649994214376        6.91149989763896      -0.106802852079249     
   3.90649994214376        7.21199989318848      -9.991390287588205E-002
   4.20699993769328       0.000000000000000E+000 -0.371370803856315     
   4.20699993769328       0.300499995549520      -0.407449084068351     
   4.20699993769328       0.600999991099040      -0.440863241538133     
   4.20699993769328       0.901499986648560      -0.465954763071009     
   4.20699993769328        1.20199998219808      -0.475240528505589     
   4.20699993769328        1.50249997774760      -0.478031936547282     
   4.20699993769328        1.80299997329712      -0.471135141413588     
   4.20699993769328        2.10349996884664      -0.451242167237445     
   4.20699993769328        2.40399996439616      -0.421105079177192     
   4.20699993769328        2.70449995994568      -0.386505602259879     
   4.20699993769328        3.00499995549520      -0.352678309475730     
   4.20699993769328        3.30549995104472      -0.322128628228475     
   4.20699993769328        3.60599994659424      -0.294639631119542     
   4.20699993769328        3.90649994214376      -0.268933325937404     
   4.20699993769328        4.20699993769328      -0.244365491677323     
   4.20699993769328        4.50749993324280      -0.221329821121211     
   4.20699993769328        4.80799992879232      -0.200591358494574     
   4.20699993769328        5.10849992434184      -0.182474719747947     
   4.20699993769328        5.40899991989136      -0.166561542532575     
   4.20699993769328        5.70949991544088      -0.152055172126478     
   4.20699993769328        6.00999991099040      -0.138432888811433     
   4.20699993769328        6.31049990653992      -0.125803937790480     
   4.20699993769328        6.61099990208944      -0.114739371895023     
   4.20699993769328        6.91149989763896      -0.105808255456362     
   4.20699993769328        7.21199989318848      -9.849020641270079E-002
   4.50749993324280       0.000000000000000E+000 -0.324820261990681     
   4.50749993324280       0.300499995549520      -0.356199817824441     
   4.50749993324280       0.600999991099040      -0.386089860350072     
   4.50749993324280       0.901499986648560      -0.410053820433953     
   4.50749993324280        1.20199998219808      -0.426186666414737     
   4.50749993324280        1.50249997774760      -0.434764640721753     
   4.50749993324280        1.80299997329712      -0.432053173353187     
   4.50749993324280        2.10349996884664      -0.417179085618318     
   4.50749993324280        2.40399996439616      -0.393115391130464     
   4.50749993324280        2.70449995994568      -0.364758971283320     
   4.50749993324280        3.00499995549520      -0.336283391897142     
   4.50749993324280        3.30549995104472      -0.309589522383998     
   4.50749993324280        3.60599994659424      -0.284561973319250     
   4.50749993324280        3.90649994214376      -0.260448848179790     
   4.50749993324280        4.20699993769328      -0.237067933572565     
   4.50749993324280        4.50749993324280      -0.215061205449692     
   4.50749993324280        4.80799992879232      -0.195274782625973     
   4.50749993324280        5.10849992434184      -0.178007160252627     
   4.50749993324280        5.40899991989136      -0.162806235073762     
   4.50749993324280        5.70949991544088      -0.148900082227985     
   4.50749993324280        6.00999991099040      -0.135826401102204     
   4.50749993324280        6.31049990653992      -0.123715124982288     
   4.50749993324280        6.61099990208944      -0.113010046216656     
   4.50749993324280        6.91149989763896      -0.103975442293108     
   4.50749993324280        7.21199989318848      -9.622105074826919E-002
   4.80799992879232       0.000000000000000E+000 -0.282655207685645     
   4.80799992879232       0.300499995549520      -0.309452584225266     
   4.80799992879232       0.600999991099040      -0.335282414219638     
   4.80799992879232       0.901499986648560      -0.358527438217527     
   4.80799992879232        1.20199998219808      -0.376898639755362     
   4.80799992879232        1.50249997774760      -0.387478307853492     
   4.80799992879232        1.80299997329712      -0.387890183954112     
   4.80799992879232        2.10349996884664      -0.378079389960602     
   4.80799992879232        2.40399996439616      -0.360562287058370     
   4.80799992879232        2.70449995994568      -0.339004069775399     
   4.80799992879232        3.00499995549520      -0.316363437453322     
   4.80799992879232        3.30549995104472      -0.293924390973845     
   4.80799992879232        3.60599994659424      -0.271686191084692     
   4.80799992879232        3.90649994214376      -0.249436511754979     
   4.80799992879232        4.20699993769328      -0.227518873283019     
   4.80799992879232        4.50749993324280      -0.206852498554954     
   4.80799992879232        4.80799992879232      -0.188323938241068     
   4.80799992879232        5.10849992434184      -0.172166390675172     
   4.80799992879232        5.40899991989136      -0.157891887363072     
   4.80799992879232        5.70949991544088      -0.144770055224883     
   4.80799992879232        6.00999991099040      -0.132399227574766     
   4.80799992879232        6.31049990653992      -0.120901728740648     
   4.80799992879232        6.61099990208944      -0.110638544053033     
   4.80799992879232        6.91149989763896      -0.101743288035578     
   4.80799992879232        7.21199989318848      -9.391479955950174E-002
   5.10849992434184       0.000000000000000E+000 -0.249676975626442     
   5.10849992434184       0.300499995549520      -0.272361575196375     
   5.10849992434184       0.600999991099040      -0.294665950726107     
   5.10849992434184       0.901499986648560      -0.315309231969975     
   5.10849992434184        1.20199998219808      -0.331918484115374     
   5.10849992434184        1.50249997774760      -0.342120339543613     
   5.10849992434184        1.80299997329712      -0.344388863750028     
   5.10849992434184        2.10349996884664      -0.338846928891851     
   5.10849992434184        2.40399996439616      -0.327215723461421     
   5.10849992434184        2.70449995994568      -0.311835924259292     
   5.10849992434184        3.00499995549520      -0.294512413051988     
   5.10849992434184        3.30549995104472      -0.276023456285222     
   5.10849992434184        3.60599994659424      -0.256521316284225     
   5.10849992434184        3.90649994214376      -0.236279749555279     
   5.10849992434184        4.20699993769328      -0.216092065750526     
   5.10849992434184        4.50749993324280      -0.197071952972613     
   5.10849992434184        4.80799992879232      -0.180071926705195     
   5.10849992434184        5.10849992434184      -0.165233993618316     
   5.10849992434184        5.40899991989136      -0.152057586840898     
   5.10849992434184        5.70949991544088      -0.139888437826210     
   5.10849992434184        6.00999991099040      -0.128397231791491     
   5.10849992434184        6.31049990653992      -0.117684328255546     
   5.10849992434184        6.61099990208944      -0.108009983013325     
   5.10849992434184        6.91149989763896      -9.947594491868403E-002
   5.10849992434184        7.21199989318848      -9.184751007907742E-002
   5.40899991989136       0.000000000000000E+000 -0.225077237962404     
   5.40899991989136       0.300499995549520      -0.244172604998221     
   5.40899991989136       0.600999991099040      -0.262923001115852     
   5.40899991989136       0.901499986648560      -0.280074967943450     
   5.40899991989136        1.20199998219808      -0.293759462070794     
   5.40899991989136        1.50249997774760      -0.302338139144028     
   5.40899991989136        1.80299997329712      -0.305240948766626     
   5.40899991989136        2.10349996884664      -0.302657434790916     
   5.40899991989136        2.40399996439616      -0.295491408816224     
   5.40899991989136        2.70449995994568      -0.284914011225566     
   5.40899991989136        3.00499995549520      -0.271801794604507     
   5.40899991989136        3.30549995104472      -0.256586173111507     
   5.40899991989136        3.60599994659424      -0.239587554447970     
   5.40899991989136        3.90649994214376      -0.221451057392138     
   5.40899991989136        4.20699993769328      -0.203247976994331     
   5.40899991989136        4.50749993324280      -0.186140202036391     
   5.40899991989136        4.80799992879232      -0.170870859251819     
   5.40899991989136        5.10849992434184      -0.157490809923684     
   5.40899991989136        5.40899991989136      -0.145533293939915     
   5.40899991989136        5.70949991544088      -0.134468302353190     
   5.40899991989136        6.00999991099040      -0.124049979087826     
   5.40899991989136        6.31049990653992      -0.114308710643866     
   5.40899991989136        6.61099990208944      -0.105397674598900     
   5.40899991989136        6.91149989763896      -9.736006766161980E-002
   5.40899991989136        7.21199989318848      -9.002912459221571E-002
   5.70949991544088       0.000000000000000E+000 -0.206361747481553     
   5.70949991544088       0.300499995549520      -0.222529380229836     
   5.70949991544088       0.600999991099040      -0.238148635711670     
   5.70949991544088       0.901499986648560      -0.252036200378967     
   5.70949991544088        1.20199998219808      -0.262830078872140     
   5.70949991544088        1.50249997774760      -0.269504514729599     
   5.70949991544088        1.80299997329712      -0.271917459999048     
   5.70949991544088        2.10349996884664      -0.270784817790830     
   5.70949991544088        2.40399996439616      -0.266392708884621     
   5.70949991544088        2.70449995994568      -0.259011772423148     
   5.70949991544088        3.00499995549520      -0.248880941364137     
   5.70949991544088        3.30549995104472      -0.236238184280524     
   5.70949991544088        3.60599994659424      -0.221536696508111     
   5.70949991544088        3.90649994214376      -0.205615919326684     
   5.70949991544088        4.20699993769328      -0.189611309145837     
   5.70949991544088        4.50749993324280      -0.174585923510995     
   5.70949991544088        4.80799992879232      -0.161129743039351     
   5.70949991544088        5.10849992434184      -0.149236511185419     
   5.70949991544088        5.40899991989136      -0.138539179639073     
   5.70949991544088        5.70949991544088      -0.128691766097285     
   5.70949991544088        6.00999991099040      -0.119483948280170     
   5.70949991544088        6.31049990653992      -0.110842634280396     
   5.70949991544088        6.61099990208944      -0.102822628009775     
   5.70949991544088        6.91149989763896      -9.540070447716575E-002
   5.70949991544088        7.21199989318848      -8.842719561638511E-002
   6.00999991099040       0.000000000000000E+000 -0.191759712360267     
   6.00999991099040       0.300499995549520      -0.205363017488467     
   6.00999991099040       0.600999991099040      -0.218276253356791     
   6.00999991099040       0.901499986648560      -0.229327202220943     
   6.00999991099040        1.20199998219808      -0.237519533660626     
   6.00999991099040        1.50249997774760      -0.242412805307753     
   6.00999991099040        1.80299997329712      -0.244048946547762     
   6.00999991099040        2.10349996884664      -0.243092312175841     
   6.00999991099040        2.40399996439616      -0.239998185952661     
   6.00999991099040        2.70449995994568      -0.234443261274158     
   6.00999991099040        3.00499995549520      -0.226297695852384     
   6.00999991099040        3.30549995104472      -0.215722418888726     
   6.00999991099040        3.60599994659424      -0.203234171976110     
   6.00999991099040        3.90649994214376      -0.189669570976604     
   6.00999991099040        4.20699993769328      -0.175977542441754     
   6.00999991099040        4.50749993324280      -0.163039136507293     
   6.00999991099040        4.80799992879232      -0.151305815742683     
   6.00999991099040        5.10849992434184      -0.140778247203667     
   6.00999991099040        5.40899991989136      -0.131261752943956     
   6.00999991099040        5.70949991544088      -0.122640840234779     
   6.00999991099040        6.00999991099040      -0.114656365980898     
   6.00999991099040        6.31049990653992      -0.107172529097245     
   6.00999991099040        6.61099990208944      -0.100151475544495     
   6.00999991099040        6.91149989763896      -9.350119621700125E-002
   6.00999991099040        7.21199989318848      -8.701348316424107E-002
   6.31049990653992       0.000000000000000E+000 -0.179624362329573     
   6.31049990653992       0.300499995549520      -0.190441300450188     
   6.31049990653992       0.600999991099040      -0.200977998890088     
   6.31049990653992       0.901499986648560      -0.209800280733253     
   6.31049990653992        1.20199998219808      -0.215855961222595     
   6.31049990653992        1.50249997774760      -0.219124731522015     
   6.31049990653992        1.80299997329712      -0.219952207507424     
   6.31049990653992        2.10349996884664      -0.218775048386009     
   6.31049990653992        2.40399996439616      -0.216078059154458     
   6.31049990653992        2.70449995994568      -0.211481534680215     
   6.31049990653992        3.00499995549520      -0.204560677484500     
   6.31049990653992        3.30549995104472      -0.195489399324389     
   6.31049990653992        3.60599994659424      -0.185146830583496     
   6.31049990653992        3.90649994214376      -0.174281728589983     
   6.31049990653992        4.20699993769328      -0.163130390887519     
   6.31049990653992        4.50749993324280      -0.152115237388747     
   6.31049990653992        4.80799992879232      -0.141819750572900     
   6.31049990653992        5.10849992434184      -0.132373231443274     
   6.31049990653992        5.40899991989136      -0.123872975326430     
   6.31049990653992        5.70949991544088      -0.116350575299052     
   6.31049990653992        6.00999991099040      -0.109503304849363     
   6.31049990653992        6.31049990653992      -0.103115634507199     
   6.31049990653992        6.61099990208944      -9.709300532966707E-002
   6.31049990653992        6.91149989763896      -9.141495488904498E-002
   6.31049990653992        7.21199989318848      -8.573643663729193E-002
   6.61099990208944       0.000000000000000E+000 -0.168722794552888     
   6.61099990208944       0.300499995549520      -0.175585932148693     
   6.61099990208944       0.600999991099040      -0.184225408618756     
   6.61099990208944       0.901499986648560      -0.191761481542656     
   6.61099990208944        1.20199998219808      -0.196241185426043     
   6.61099990208944        1.50249997774760      -0.198208199272653     
   6.61099990208944        1.80299997329712      -0.198331193189888     
   6.61099990208944        2.10349996884664      -0.197019491365658     
   6.61099990208944        2.40399996439616      -0.194498692053943     
   6.61099990208944        2.70449995994568      -0.190452693857089     
   6.61099990208944        3.00499995549520      -0.184389604935847     
   6.61099990208944        3.30549995104472      -0.176740990894069     
   6.61099990208944        3.60599994659424      -0.168803094717157     
   6.61099990208944        3.90649994214376      -0.160930625495771     
   6.61099990208944        4.20699993769328      -0.152101869823257     
   6.61099990208944        4.50749993324280      -0.142368805737569     
   6.61099990208944        4.80799992879232      -0.132935536019596     
   6.61099990208944        5.10849992434184      -0.124181302591997     
   6.61099990208944        5.40899991989136      -0.116507462150509     
   6.61099990208944        5.70949991544088      -0.109902201891346     
   6.61099990208944        6.00999991099040      -0.104048819882212     
   6.61099990208944        6.31049990653992      -9.858377006657254E-002
   6.61099990208944        6.61099990208944      -9.328476124221345E-002
   6.61099990208944        6.91149989763896      -8.864726059546528E-002
   6.61099990208944        7.21199989318848      -8.446730349897114E-002
   6.91149989763896       0.000000000000000E+000 -0.160546507149198     
   6.91149989763896       0.300499995549520      -0.163215783812186     
   6.91149989763896       0.600999991099040      -0.169397888163794     
   6.91149989763896       0.901499986648560      -0.175210772959002     
   6.91149989763896        1.20199998219808      -0.178081731617175     
   6.91149989763896        1.50249997774760      -0.179008778466704     
   6.91149989763896        1.80299997329712      -0.178689403886698     
   6.91149989763896        2.10349996884664      -0.177411897703392     
   6.91149989763896        2.40399996439616      -0.175301332153036     
   6.91149989763896        2.70449995994568      -0.172095847325043     
   6.91149989763896        3.00499995549520      -0.167679014160580     
   6.91149989763896        3.30549995104472      -0.162607646096174     
   6.91149989763896        3.60599994659424      -0.157703287649880     
   6.91149989763896        3.90649994214376      -0.151687023268068     
   6.91149989763896        4.20699993769328      -0.143754297769074     
   6.91149989763896        4.50749993324280      -0.134089455411873     
   6.91149989763896        4.80799992879232      -0.124659134795496     
   6.91149989763896        5.10849992434184      -0.116302270134609     
   6.91149989763896        5.40899991989136      -0.109255870161064     
   6.91149989763896        5.70949991544088      -0.103446303619706     
   6.91149989763896        6.00999991099040      -9.850840143853072E-002
   6.91149989763896        6.31049990653992      -9.394611610855368E-002
   6.91149989763896        6.61099990208944      -8.924237221995425E-002
   6.91149989763896        6.91149989763896      -8.531846981263143E-002
   6.91149989763896        7.21199989318848      -8.290878036091143E-002
   7.21199989318848       0.000000000000000E+000 -0.154657485079845     
   7.21199989318848       0.300499995549520      -0.158526285694263     
   7.21199989318848       0.600999991099040      -0.159810917423022     
   7.21199989318848       0.901499986648560      -0.160774471429828     
   7.21199989318848        1.20199998219808      -0.161366186242812     
   7.21199989318848        1.50249997774760      -0.161447173548287     
   7.21199989318848        1.80299997329712      -0.160952975233691     
   7.21199989318848        2.10349996884664      -0.159933521212086     
   7.21199989318848        2.40399996439616      -0.158490569849113     
   7.21199989318848        2.70449995994568      -0.156697634893970     
   7.21199989318848        3.00499995549520      -0.154799990293290     
   7.21199989318848        3.30549995104472      -0.152890576686671     
   7.21199989318848        3.60599994659424      -0.149719198089678     
   7.21199989318848        3.90649994214376      -0.143518768755693     
   7.21199989318848        4.20699993769328      -0.135977717910796     
   7.21199989318848        4.50749993324280      -0.126075546068862     
   7.21199989318848        4.80799992879232      -0.116608973850864     
   7.21199989318848        5.10849992434184      -0.108602436866765     
   7.21199989318848        5.40899991989136      -0.102196664605672     
   7.21199989318848        5.70949991544088      -9.714197457124162E-002
   7.21199989318848        6.00999991099040      -9.309783147217009E-002
   7.21199989318848        6.31049990653992      -8.963064616385290E-002
   7.21199989318848        6.61099990208944      -8.631162548957114E-002
   7.21199989318848        6.91149989763896      -8.325415079527085E-002
   7.21199989318848        7.21199989318848      -8.011198462004585E-002
