  0.000000000000000E+000  0.000000000000000E+000 -0.113972608472070     
  0.000000000000000E+000  0.300499995549520      -0.118223868273017     
  0.000000000000000E+000  0.600999991099040      -0.121932185833717     
  0.000000000000000E+000  0.901499986648560      -0.125820277925553     
  0.000000000000000E+000   1.20199998219808      -0.129707544133722     
  0.000000000000000E+000   1.50249997774760      -0.133864356228911     
  0.000000000000000E+000   1.80299997329712      -0.138579054138820     
  0.000000000000000E+000   2.10349996884664      -0.144114457719757     
  0.000000000000000E+000   2.40399996439616      -0.150828470761998     
  0.000000000000000E+000   2.70449995994568      -0.158457792385803     
  0.000000000000000E+000   3.00499995549520      -0.165377568218694     
  0.000000000000000E+000   3.30549995104472      -0.168124618764349     
  0.000000000000000E+000   3.60599994659424      -0.167778857867178     
  0.000000000000000E+000   3.90649994214376      -0.168120967691390     
  0.000000000000000E+000   4.20699993769328      -0.165370631667920     
  0.000000000000000E+000   4.50749993324280      -0.158447756255500     
  0.000000000000000E+000   4.80799992879232      -0.150815543561812     
  0.000000000000000E+000   5.10849992434184      -0.144098346564295     
  0.000000000000000E+000   5.40899991989136      -0.138559876819689     
  0.000000000000000E+000   5.70949991544088      -0.133842197958682     
  0.000000000000000E+000   6.00999991099040      -0.129682036363944     
  0.000000000000000E+000   6.31049990653992      -0.125790424556662     
  0.000000000000000E+000   6.61099990208944      -0.121897135319867     
  0.000000000000000E+000   6.91149989763896      -0.118187269178360     
  0.000000000000000E+000   7.21199989318848      -0.113939428494469     
  0.300499995549520       0.000000000000000E+000 -0.118220284676283     
  0.300499995549520       0.300499995549520      -0.121407309327720     
  0.300499995549520       0.600999991099040      -0.127849662222518     
  0.300499995549520       0.901499986648560      -0.134611993780378     
  0.300499995549520        1.20199998219808      -0.140312086925857     
  0.300499995549520        1.50249997774760      -0.145734355993464     
  0.300499995549520        1.80299997329712      -0.151444917575432     
  0.300499995549520        2.10349996884664      -0.157712693996030     
  0.300499995549520        2.40399996439616      -0.164532374316603     
  0.300499995549520        2.70449995994568      -0.171112033219367     
  0.300499995549520        3.00499995549520      -0.175474148313604     
  0.300499995549520        3.30549995104472      -0.175333478622947     
  0.300499995549520        3.60599994659424      -0.173647889578622     
  0.300499995549520        3.90649994214376      -0.175333677190091     
  0.300499995549520        4.20699993769328      -0.175471452075110     
  0.300499995549520        4.50749993324280      -0.171105673495103     
  0.300499995549520        4.80799992879232      -0.164522528227939     
  0.300499995549520        5.10849992434184      -0.157699072321501     
  0.300499995549520        5.40899991989136      -0.151427264786203     
  0.300499995549520        5.70949991544088      -0.145711741925525     
  0.300499995549520        6.00999991099040      -0.140281873439172     
  0.300499995549520        6.31049990653992      -0.134568745928881     
  0.300499995549520        6.61099990208944      -0.127786331563014     
  0.300499995549520        6.91149989763896      -0.121332809479897     
  0.300499995549520        7.21199989318848      -0.118182657672592     
  0.600999991099040       0.000000000000000E+000 -0.121927161133849     
  0.600999991099040       0.300499995549520      -0.127846738516572     
  0.600999991099040       0.600999991099040      -0.135626927701050     
  0.600999991099040       0.901499986648560      -0.143885208949146     
  0.600999991099040        1.20199998219808      -0.151316345373922     
  0.600999991099040        1.50249997774760      -0.158326803475135     
  0.600999991099040        1.80299997329712      -0.165397200630521     
  0.600999991099040        2.10349996884664      -0.172719034613916     
  0.600999991099040        2.40399996439616      -0.180039781853126     
  0.600999991099040        2.70449995994568      -0.186239811086926     
  0.600999991099040        3.00499995549520      -0.189421403841379     
  0.600999991099040        3.30549995104472      -0.188566705909909     
  0.600999991099040        3.60599994659424      -0.187060739207430     
  0.600999991099040        3.90649994214376      -0.188567583049540     
  0.600999991099040        4.20699993769328      -0.189420911456852     
  0.600999991099040        4.50749993324280      -0.186236581935209     
  0.600999991099040        4.80799992879232      -0.180033453286103     
  0.600999991099040        5.10849992434184      -0.172709019603526     
  0.600999991099040        5.40899991989136      -0.165382966602266     
  0.600999991099040        5.70949991544088      -0.158307127440500     
  0.600999991099040        6.00999991099040      -0.151288550091492     
  0.600999991099040        6.31049990653992      -0.143844882249772     
  0.600999991099040        6.61099990208944      -0.135570481904530     
  0.600999991099040        6.91149989763896      -0.127782636696915     
  0.600999991099040        7.21199989318848      -0.121890414997715     
  0.901499986648560       0.000000000000000E+000 -0.125817374617362     
  0.901499986648560       0.300499995549520      -0.134609715126272     
  0.901499986648560       0.600999991099040      -0.143884205043603     
  0.901499986648560       0.901499986648560      -0.153386467039367     
  0.901499986648560        1.20199998219808      -0.162586813775259     
  0.901499986648560        1.50249997774760      -0.171547599485247     
  0.901499986648560        1.80299997329712      -0.180498704842218     
  0.901499986648560        2.10349996884664      -0.189538816222738     
  0.901499986648560        2.40399996439616      -0.198361823907657     
  0.901499986648560        2.70449995994568      -0.205973331439794     
  0.901499986648560        3.00499995549520      -0.210965877883181     
  0.901499986648560        3.30549995104472      -0.212765378749226     
  0.901499986648560        3.60599994659424      -0.212914887314367     
  0.901499986648560        3.90649994214376      -0.212766368064741     
  0.901499986648560        4.20699993769328      -0.210966637867512     
  0.901499986648560        4.50749993324280      -0.205972687562323     
  0.901499986648560        4.80799992879232      -0.198359026853580     
  0.901499986648560        5.10849992434184      -0.189533046444651     
  0.901499986648560        5.40899991989136      -0.180489055745624     
  0.901499986648560        5.70949991544088      -0.171532998286189     
  0.901499986648560        6.00999991099040      -0.162565346796901     
  0.901499986648560        6.31049990653992      -0.153355787249134     
  0.901499986648560        6.61099990208944      -0.143843567694286     
  0.901499986648560        6.91149989763896      -0.134565520411994     
  0.901499986648560        7.21199989318848      -0.125785652386937     
   1.20199998219808       0.000000000000000E+000 -0.129705891713610     
   1.20199998219808       0.300499995549520      -0.140310348605972     
   1.20199998219808       0.600999991099040      -0.151314851968774     
   1.20199998219808       0.901499986648560      -0.162585903368998     
   1.20199998219808        1.20199998219808      -0.173905476375618     
   1.20199998219808        1.50249997774760      -0.185230162356744     
   1.20199998219808        1.80299997329712      -0.196605743243984     
   1.20199998219808        2.10349996884664      -0.208097144634668     
   1.20199998219808        2.40399996439616      -0.219320472948067     
   1.20199998219808        2.70449995994568      -0.229307781064489     
   1.20199998219808        3.00499995549520      -0.236991093291516     
   1.20199998219808        3.30549995104472      -0.241585582958956     
   1.20199998219808        3.60599994659424      -0.243047512973249     
   1.20199998219808        3.90649994214376      -0.241586885357142     
   1.20199998219808        4.20699993769328      -0.236993006116959     
   1.20199998219808        4.50749993324280      -0.229309497214587     
   1.20199998219808        4.80799992879232      -0.219321092314557     
   1.20199998219808        5.10849992434184      -0.208095596308160     
   1.20199998219808        5.40899991989136      -0.196600913945262     
   1.20199998219808        5.70949991544088      -0.185221031780601     
   1.20199998219808        6.00999991099040      -0.173890738144686     
   1.20199998219808        6.31049990653992      -0.162564347668319     
   1.20199998219808        6.61099990208944      -0.151286676686844     
   1.20199998219808        6.91149989763896      -0.140279171785689     
   1.20199998219808        7.21199989318848      -0.129678445006415     
   1.50249997774760       0.000000000000000E+000 -0.133862698947509     
   1.50249997774760       0.300499995549520      -0.145732228966811     
   1.50249997774760       0.600999991099040      -0.158324503380230     
   1.50249997774760       0.901499986648560      -0.171545676801772     
   1.50249997774760        1.20199998219808      -0.185229137493354     
   1.50249997774760        1.50249997774760      -0.199223120029139     
   1.50249997774760        1.80299997329712      -0.213491051834663     
   1.50249997774760        2.10349996884664      -0.227990636414997     
   1.50249997774760        2.40399996439616      -0.242058585099386     
   1.50249997774760        2.70449995994568      -0.254719180951941     
   1.50249997774760        3.00499995549520      -0.264838554968429     
   1.50249997774760        3.30549995104472      -0.271364688317798     
   1.50249997774760        3.60599994659424      -0.273613583408058     
   1.50249997774760        3.90649994214376      -0.271366446334268     
   1.50249997774760        4.20699993769328      -0.264841738549862     
   1.50249997774760        4.50749993324280      -0.254723077042933     
   1.50249997774760        4.80799992879232      -0.242062219132072     
   1.50249997774760        5.10849992434184      -0.227992825961736     
   1.50249997774760        5.40899991989136      -0.213490550911466     
   1.50249997774760        5.70949991544088      -0.199218823944824     
   1.50249997774760        6.00999991099040      -0.185220044169689     
   1.50249997774760        6.31049990653992      -0.171531025770906     
   1.50249997774760        6.61099990208944      -0.158304510409599     
   1.50249997774760        6.91149989763896      -0.145708716691435     
   1.50249997774760        7.21199989318848      -0.133838644419213     
   1.80299997329712       0.000000000000000E+000 -0.138576629201729     
   1.80299997329712       0.300499995549520      -0.151441803684368     
   1.80299997329712       0.600999991099040      -0.165393882778334     
   1.80299997329712       0.901499986648560      -0.180495903409833     
   1.80299997329712        1.20199998219808      -0.196604053223507     
   1.80299997329712        1.50249997774760      -0.213490527849962     
   1.80299997329712        1.80299997329712      -0.230978431422596     
   1.80299997329712        2.10349996884664      -0.248565580111225     
   1.80299997329712        2.40399996439616      -0.265476000338079     
   1.80299997329712        2.70449995994568      -0.280673322055771     
   1.80299997329712        3.00499995549520      -0.292898219489595     
   1.80299997329712        3.30549995104472      -0.300874345070048     
   1.80299997329712        3.60599994659424      -0.303649902418025     
   1.80299997329712        3.90649994214376      -0.300876598026696     
   1.80299997329712        4.20699993769328      -0.292902409866458     
   1.80299997329712        4.50749993324280      -0.280678878185285     
   1.80299997329712        4.80799992879232      -0.265481955415088     
   1.80299997329712        5.10849992434184      -0.248570691744179     
   1.80299997329712        5.40899991989136      -0.230981380564197     
   1.80299997329712        5.70949991544088      -0.213490109776019     
   1.80299997329712        6.00999991099040      -0.196599345463310     
   1.80299997329712        6.31049990653992      -0.180486306328324     
   1.80299997329712        6.61099990208944      -0.165379455367829     
   1.80299997329712        6.91149989763896      -0.151423426676070     
   1.80299997329712        7.21199989318848      -0.138555783648057     
   2.10349996884664       0.000000000000000E+000 -0.144110832522270     
   2.10349996884664       0.300499995549520      -0.157708293143669     
   2.10349996884664       0.600999991099040      -0.172714728576392     
   2.10349996884664       0.901499986648560      -0.189535594716022     
   2.10349996884664        1.20199998219808      -0.208095559183303     
   2.10349996884664        1.50249997774760      -0.227990537648262     
   2.10349996884664        1.80299997329712      -0.248566142526681     
   2.10349996884664        2.10349996884664      -0.269028670963394     
   2.10349996884664        2.40399996439616      -0.288467941669338     
   2.10349996884664        2.70449995994568      -0.305783951120112     
   2.10349996884664        3.00499995549520      -0.319649078067254     
   2.10349996884664        3.30549995104472      -0.328677867353979     
   2.10349996884664        3.60599994659424      -0.331816657970650     
   2.10349996884664        3.90649994214376      -0.328680341898178     
   2.10349996884664        4.20699993769328      -0.319653827914212     
   2.10349996884664        4.50749993324280      -0.305790381764123     
   2.10349996884664        4.80799992879232      -0.288475156571394     
   2.10349996884664        5.10849992434184      -0.269035528177722     
   2.10349996884664        5.40899991989136      -0.248571368486810     
   2.10349996884664        5.70949991544088      -0.227992936361017     
   2.10349996884664        6.00999991099040      -0.208094257861760     
   2.10349996884664        6.31049990653992      -0.189530019289136     
   2.10349996884664        6.61099990208944      -0.172704702894603     
   2.10349996884664        6.91149989763896      -0.157694219324101     
   2.10349996884664        7.21199989318848      -0.144093471712729     
   2.40399996439616       0.000000000000000E+000 -0.150823242966306     
   2.40399996439616       0.300499995549520      -0.164526250569506     
   2.40399996439616       0.600999991099040      -0.180034333178492     
   2.40399996439616       0.901499986648560      -0.198358442964450     
   2.40399996439616        1.20199998219808      -0.219319692518609     
   2.40399996439616        1.50249997774760      -0.242059937553961     
   2.40399996439616        1.80299997329712      -0.265478284606523     
   2.40399996439616        2.10349996884664      -0.288469695114118     
   2.40399996439616        2.40399996439616      -0.309970072127061     
   2.40399996439616        2.70449995994568      -0.328850354974649     
   2.40399996439616        3.00499995549520      -0.343813008863823     
   2.40399996439616        3.30549995104472      -0.353493157242834     
   2.40399996439616        3.60599994659424      -0.356846191431304     
   2.40399996439616        3.90649994214376      -0.353495637260946     
   2.40399996439616        4.20699993769328      -0.343817627982642     
   2.40399996439616        4.50749993324280      -0.328856735679579     
   2.40399996439616        4.80799992879232      -0.309977433063138     
   2.40399996439616        5.10849992434184      -0.288477007779378     
   2.40399996439616        5.40899991989136      -0.265484454287036     
   2.40399996439616        5.70949991544088      -0.242063906056885     
   2.40399996439616        6.00999991099040      -0.219320722611855     
   2.40399996439616        6.31049990653992      -0.198356034269003     
   2.40399996439616        6.61099990208944      -0.180028237117233     
   2.40399996439616        6.91149989763896      -0.164516301997272     
   2.40399996439616        7.21199989318848      -0.150809658921068     
   2.70449995994568       0.000000000000000E+000 -0.158450662661049     
   2.70449995994568       0.300499995549520      -0.171103433982824     
   2.70449995994568       0.600999991099040      -0.186232191288803     
   2.70449995994568       0.901499986648560      -0.205969362010707     
   2.70449995994568        1.20199998219808      -0.229308108532150     
   2.70449995994568        1.50249997774760      -0.254722664485660     
   2.70449995994568        1.80299997329712      -0.280678114162622     
   2.70449995994568        2.10349996884664      -0.305788195169603     
   2.70449995994568        2.40399996439616      -0.328852733547863     
   2.70449995994568        2.70449995994568      -0.348749161877991     
   2.70449995994568        3.00499995549520      -0.364307731379647     
   2.70449995994568        3.30549995104472      -0.374312023735875     
   2.70449995994568        3.60599994659424      -0.377773843456177     
   2.70449995994568        3.90649994214376      -0.374314108314564     
   2.70449995994568        4.20699993769328      -0.364311696954508     
   2.70449995994568        4.50749993324280      -0.348754692311768     
   2.70449995994568        4.80799992879232      -0.328859202735723     
   2.70449995994568        5.10849992434184      -0.305794829108976     
   2.70449995994568        5.40899991989136      -0.280684014698780     
   2.70449995994568        5.70949991544088      -0.254727049096095     
   2.70449995994568        6.00999991099040      -0.229310427634426     
   2.70449995994568        6.31049990653992      -0.205969354079759     
   2.70449995994568        6.61099990208944      -0.186229481966289     
   2.70449995994568        6.91149989763896      -0.171097357865927     
   2.70449995994568        7.21199989318848      -0.158440666596230     
   3.00499995549520       0.000000000000000E+000 -0.165368013672507     
   3.00499995549520       0.300499995549520      -0.175461892213405     
   3.00499995549520       0.600999991099040      -0.189410104224202     
   3.00499995549520       0.901499986648560      -0.210960124509890     
   3.00499995549520        1.20199998219808      -0.236992137024550     
   3.00499995549520        1.50249997774760      -0.264844176901590     
   3.00499995549520        1.80299997329712      -0.292905603230734     
   3.00499995549520        2.10349996884664      -0.319655845555372     
   3.00499995549520        2.40399996439616      -0.343817683154611     
   3.00499995549520        2.70449995994568      -0.364309877785831     
   3.00499995549520        3.00499995549520      -0.380156782359579     
   3.00499995549520        3.30549995104472      -0.390354903616116     
   3.00499995549520        3.60599994659424      -0.393910086635318     
   3.00499995549520        3.90649994214376      -0.390356368489385     
   3.00499995549520        4.20699993769328      -0.380159654307795     
   3.00499995549520        4.50749993324280      -0.364313907088710     
   3.00499995549520        4.80799992879232      -0.343822431922894     
   3.00499995549520        5.10849992434184      -0.319660850019109     
   3.00499995549520        5.40899991989136      -0.292910251505689     
   3.00499995549520        5.70949991544088      -0.264848032449713     
   3.00499995549520        6.00999991099040      -0.236994876599250     
   3.00499995549520        6.31049990653992      -0.210961825546253     
   3.00499995549520        6.61099990208944      -0.189410482118981     
   3.00499995549520        6.91149989763896      -0.175459858674403     
   3.00499995549520        7.21199989318848      -0.165361839372607     
   3.30549995104472       0.000000000000000E+000 -0.168112413825322     
   3.30549995104472       0.300499995549520      -0.175316472406912     
   3.30549995104472       0.600999991099040      -0.188550550411568     
   3.30549995104472       0.901499986648560      -0.212757145796458     
   3.30549995104472        1.20199998219808      -0.241586577641824     
   3.30549995104472        1.50249997774760      -0.271371801158797     
   3.30549995104472        1.80299997329712      -0.300883645565178     
   3.30549995104472        2.10349996884664      -0.328686482485376     
   3.30549995104472        2.40399996439616      -0.353499449385377     
   3.30549995104472        2.70449995994568      -0.374315597144208     
   3.30549995104472        3.00499995549520      -0.390356250601024     
   3.30549995104472        3.30549995104472      -0.400794494872660     
   3.30549995104472        3.60599994659424      -0.404499337452789     
   3.30549995104472        3.90649994214376      -0.400795322843038     
   3.30549995104472        4.20699993769328      -0.390357799611705     
   3.30549995104472        4.50749993324280      -0.374317750025468     
   3.30549995104472        4.80799992879232      -0.353502100943685     
   3.30549995104472        5.10849992434184      -0.328689312528984     
   3.30549995104472        5.40899991989136      -0.300886460561474     
   3.30549995104472        5.70949991544088      -0.271374384328287     
   3.30549995104472        6.00999991099040      -0.241588913381984     
   3.30549995104472        6.31049990653992      -0.212759413111537     
   3.30549995104472        6.61099990208944      -0.188552752468878     
   3.30549995104472        6.91149989763896      -0.175317723919863     
   3.30549995104472        7.21199989318848      -0.168110225697183     
   3.60599994659424       0.000000000000000E+000 -0.167766175234159     
   3.60599994659424       0.300499995549520      -0.173628096765207     
   3.60599994659424       0.600999991099040      -0.187041947295537     
   3.60599994659424       0.901499986648560      -0.212905369182969     
   3.60599994659424        1.20199998219808      -0.243048322576378     
   3.60599994659424        1.50249997774760      -0.273621206497018     
   3.60599994659424        1.80299997329712      -0.303659899908597     
   3.60599994659424        2.10349996884664      -0.331825943112954     
   3.60599994659424        2.40399996439616      -0.356853056649925     
   3.60599994659424        2.70449995994568      -0.377777902791471     
   3.60599994659424        3.00499995549520      -0.393911873145696     
   3.60599994659424        3.30549995104472      -0.404499764405385     
   3.60599994659424        3.60599994659424      -0.408304374715427     
   3.60599994659424        3.90649994214376      -0.404499732555405     
   3.60599994659424        4.20699993769328      -0.393911907371279     
   3.60599994659424        4.50749993324280      -0.377777946907326     
   3.60599994659424        4.80799992879232      -0.356853253055192     
   3.60599994659424        5.10849992434184      -0.331826339037476     
   3.60599994659424        5.40899991989136      -0.303660536080635     
   3.60599994659424        5.70949991544088      -0.273622113256472     
   3.60599994659424        6.00999991099040      -0.243049492162740     
   3.60599994659424        6.31049990653992      -0.212906802405290     
   3.60599994659424        6.61099990208944      -0.187043452073422     
   3.60599994659424        6.91149989763896      -0.173629356825064     
   3.60599994659424        7.21199989318848      -0.167767909428573     
   3.90649994214376       0.000000000000000E+000 -0.168108986023963     
   3.90649994214376       0.300499995549520      -0.175316601644913     
   3.90649994214376       0.600999991099040      -0.188551342392873     
   3.90649994214376       0.901499986648560      -0.212758085870273     
   3.90649994214376        1.20199998219808      -0.241587848569787     
   3.90649994214376        1.50249997774760      -0.271373538569271     
   3.90649994214376        1.80299997329712      -0.300885883332746     
   3.90649994214376        2.10349996884664      -0.328688942873636     
   3.90649994214376        2.40399996439616      -0.353501912299928     
   3.90649994214376        2.70449995994568      -0.374317658910021     
   3.90649994214376        3.00499995549520      -0.390357686040235     
   3.90649994214376        3.30549995104472      -0.400795287898099     
   3.90649994214376        3.60599994659424      -0.404499268223898     
   3.90649994214376        3.90649994214376      -0.400794575611465     
   3.90649994214376        4.20699993769328      -0.390356296387452     
   3.90649994214376        4.50749993324280      -0.374315695370768     
   3.90649994214376        4.80799992879232      -0.353499719463487     
   3.90649994214376        5.10849992434184      -0.328686909817432     
   3.90649994214376        5.40899991989136      -0.300884272290122     
   3.90649994214376        5.70949991544088      -0.271372682852852     
   3.90649994214376        6.00999991099040      -0.241587648548519     
   3.90649994214376        6.31049990653992      -0.212758408609572     
   3.90649994214376        6.61099990208944      -0.188551769338886     
   3.90649994214376        6.91149989763896      -0.175317473544278     
   3.90649994214376        7.21199989318848      -0.168113690949344     
   4.20699993769328       0.000000000000000E+000 -0.165361436597769     
   4.20699993769328       0.300499995549520      -0.175459236293810     
   4.20699993769328       0.600999991099040      -0.189409544018241     
   4.20699993769328       0.901499986648560      -0.210960817346101     
   4.20699993769328        1.20199998219808      -0.236994000691169     
   4.20699993769328        1.50249997774760      -0.264847326971328     
   4.20699993769328        1.80299997329712      -0.292909769535366     
   4.20699993769328        2.10349996884664      -0.319660573255123     
   4.20699993769328        2.40399996439616      -0.343822274177881     
   4.20699993769328        2.70449995994568      -0.364313803321273     
   4.20699993769328        3.00499995549520      -0.380159599901128     
   4.20699993769328        3.30549995104472      -0.390356385702658     
   4.20699993769328        3.60599994659424      -0.393910047465471     
   4.20699993769328        3.90649994214376      -0.390354908709508     
   4.20699993769328        4.20699993769328      -0.380156798853858     
   4.20699993769328        4.50749993324280      -0.364309978201404     
   4.20699993769328        4.80799992879232      -0.343817883465008     
   4.20699993769328        5.10849992434184      -0.319656251284692     
   4.20699993769328        5.40899991989136      -0.292906173421164     
   4.20699993769328        5.70949991544088      -0.264844939040323     
   4.20699993769328        6.00999991099040      -0.236993018137792     
   4.20699993769328        6.31049990653992      -0.210961073718680     
   4.20699993769328        6.61099990208944      -0.189410969977059     
   4.20699993769328        6.91149989763896      -0.175462631772547     
   4.20699993769328        7.21199989318848      -0.165368854653655     
   4.50749993324280       0.000000000000000E+000 -0.158440909522974     
   4.50749993324280       0.300499995549520      -0.171097140482848     
   4.50749993324280       0.600999991099040      -0.186228919954937     
   4.50749993324280       0.901499986648560      -0.205968655755866     
   4.50749993324280        1.20199998219808      -0.229309773827619     
   4.50749993324280        1.50249997774760      -0.254726525997405     
   4.50749993324280        1.80299997329712      -0.280683648341923     
   4.50749993324280        2.10349996884664      -0.305794607051071     
   4.50749993324280        2.40399996439616      -0.328859087018596     
   4.50749993324280        2.70449995994568      -0.348754646718329     
   4.50749993324280        3.00499995549520      -0.364311691786684     
   4.50749993324280        3.30549995104472      -0.374314086118463     
   4.50749993324280        3.60599994659424      -0.377773783914158     
   4.50749993324280        3.90649994214376      -0.374312042182015     
   4.50749993324280        4.20699993769328      -0.364307788467884     
   4.50749993324280        4.50749993324280      -0.348749322730712     
   4.50749993324280        4.80799992879232      -0.328853004391279     
   4.50749993324280        5.10849992434184      -0.305788535667042     
   4.50749993324280        5.40899991989136      -0.280678610715295     
   4.50749993324280        5.70949991544088      -0.254723251302626     
   4.50749993324280        6.00999991099040      -0.229308766344235     
   4.50749993324280        6.31049990653992      -0.205970031594279     
   4.50749993324280        6.61099990208944      -0.186232738615776     
   4.50749993324280        6.91149989763896      -0.171103810167598     
   4.50749993324280        7.21199989318848      -0.158450794260214     
   4.80799992879232       0.000000000000000E+000 -0.150810483439916     
   4.80799992879232       0.300499995549520      -0.164516448848024     
   4.80799992879232       0.600999991099040      -0.180027977497809     
   4.80799992879232       0.901499986648560      -0.198355597264787     
   4.80799992879232        1.20199998219808      -0.219320269971400     
   4.80799992879232        1.50249997774760      -0.242063547665816     
   4.80799992879232        1.80299997329712      -0.265484232306311     
   4.80799992879232        2.10349996884664      -0.288476908566239     
   4.80799992879232        2.40399996439616      -0.309977422429066     
   4.80799992879232        2.70449995994568      -0.328856790080726     
   4.80799992879232        3.00499995549520      -0.343817691435693     
   4.80799992879232        3.30549995104472      -0.353495710464059     
   4.80799992879232        3.60599994659424      -0.356846266743623     
   4.80799992879232        3.90649994214376      -0.353493318208434     
   4.80799992879232        4.20699993769328      -0.343813128806245     
   4.80799992879232        4.50749993324280      -0.328850585222903     
   4.80799992879232        4.80799992879232      -0.309970319841926     
   4.80799992879232        5.10849992434184      -0.288470013238202     
   4.80799992879232        5.40899991989136      -0.265478668785162     
   4.80799992879232        5.70949991544088      -0.242060336563003     
   4.80799992879232        6.00999991099040      -0.219320105166945     
   4.80799992879232        6.31049990653992      -0.198358772078270     
   4.80799992879232        6.61099990208944      -0.180034484797277     
   4.80799992879232        6.91149989763896      -0.164526084235252     
   4.80799992879232        7.21199989318848      -0.150822509211799     
   5.10849992434184       0.000000000000000E+000 -0.144094806112645     
   5.10849992434184       0.300499995549520      -0.157694691582380     
   5.10849992434184       0.600999991099040      -0.172704691153806     
   5.10849992434184       0.901499986648560      -0.189529788863119     
   5.10849992434184        1.20199998219808      -0.208093983928960     
   5.10849992434184        1.50249997774760      -0.227992721661789     
   5.10849992434184        1.80299997329712      -0.248571270372077     
   5.10849992434184        2.10349996884664      -0.269035555620993     
   5.10849992434184        2.40399996439616      -0.288475275493920     
   5.10849992434184        2.70449995994568      -0.305790581287830     
   5.10849992434184        3.00499995549520      -0.319654040143449     
   5.10849992434184        3.30549995104472      -0.328680612356383     
   5.10849992434184        3.60599994659424      -0.331816934101408     
   5.10849992434184        3.90649994214376      -0.328678173475092     
   5.10849992434184        4.20699993769328      -0.319649381373395     
   5.10849992434184        4.50749993324280      -0.305784222989009     
   5.10849992434184        4.80799992879232      -0.288468229331047     
   5.10849992434184        5.10849992434184      -0.269028967353890     
   5.10849992434184        5.40899991989136      -0.248566444518098     
   5.10849992434184        5.70949991544088      -0.227990779243023     
   5.10849992434184        6.00999991099040      -0.208095713730489     
   5.10849992434184        6.31049990653992      -0.189535589751827     
   5.10849992434184        6.61099990208944      -0.172714437201479     
   5.10849992434184        6.91149989763896      -0.157707544460623     
   5.10849992434184        7.21199989318848      -0.144109268729558     
   5.40899991989136       0.000000000000000E+000 -0.138557499888405     
   5.40899991989136       0.300499995549520      -0.151424163765333     
   5.40899991989136       0.600999991099040      -0.165379635071276     
   5.40899991989136       0.901499986648560      -0.180486232150857     
   5.40899991989136        1.20199998219808      -0.196599213171624     
   5.40899991989136        1.50249997774760      -0.213490039617961     
   5.40899991989136        1.80299997329712      -0.230981420405247     
   5.40899991989136        2.10349996884664      -0.248570865449312     
   5.40899991989136        2.40399996439616      -0.265482231293422     
   5.40899991989136        2.70449995994568      -0.280679263636078     
   5.40899991989136        3.00499995549520      -0.292902868705240     
   5.40899991989136        3.30549995104472      -0.300877109650695     
   5.40899991989136        3.60599994659424      -0.303650439502732     
   5.40899991989136        3.90649994214376      -0.300874857667100     
   5.40899991989136        4.20699993769328      -0.292898683522803     
   5.40899991989136        4.50749993324280      -0.280673739461822     
   5.40899991989136        4.80799992879232      -0.265476340425170     
   5.40899991989136        5.10849992434184      -0.248565867954130     
   5.40899991989136        5.40899991989136      -0.230978622812843     
   5.40899991989136        5.70949991544088      -0.213490573380686     
   5.40899991989136        6.00999991099040      -0.196603940491351     
   5.40899991989136        6.31049990653992      -0.180495564221316     
   5.40899991989136        6.61099990208944      -0.165393197583142     
   5.40899991989136        6.91149989763896      -0.151440547222536     
   5.40899991989136        7.21199989318848      -0.138574422382734     
   5.70949991544088       0.000000000000000E+000 -0.133840590029271     
   5.70949991544088       0.300499995549520      -0.145709647116005     
   5.70949991544088       0.600999991099040      -0.158304838674932     
   5.70949991544088       0.901499986648560      -0.171531071706763     
   5.70949991544088        1.20199998219808      -0.185220004332530     
   5.70949991544088        1.50249997774760      -0.199218842695699     
   5.70949991544088        1.80299997329712      -0.213490684094001     
   5.70949991544088        2.10349996884664      -0.227993115933240     
   5.70949991544088        2.40399996439616      -0.242062650926858     
   5.70949991544088        2.70449995994568      -0.254723656517834     
   5.70949991544088        3.00499995549520      -0.264842468713625     
   5.70949991544088        3.30549995104472      -0.271367273073344     
   5.70949991544088        3.60599994659424      -0.273614425460493     
   5.70949991544088        3.90649994214376      -0.271365475282476     
   5.70949991544088        4.20699993769328      -0.264839219722246     
   5.70949991544088        4.50749993324280      -0.254719692054262     
   5.70949991544088        4.80799992879232      -0.242058942129402     
   5.70949991544088        5.10849992434184      -0.227990867868673     
   5.70949991544088        5.40899991989136      -0.213491105007915     
   5.70949991544088        5.70949991544088      -0.199223000898083     
   5.70949991544088        6.00999991099040      -0.185228790254595     
   5.70949991544088        6.31049990653992      -0.171545050792591     
   5.70949991544088        6.61099990208944      -0.158323493614033     
   5.70949991544088        6.91149989763896      -0.145730598287058     
   5.70949991544088        7.21199989318848      -0.133860069672592     
   6.00999991099040       0.000000000000000E+000 -0.129680436649597     
   6.00999991099040       0.300499995549520      -0.140280184655249     
   6.00999991099040       0.600999991099040      -0.151287093300547     
   6.00999991099040       0.901499986648560      -0.162564447844573     
   6.00999991099040        1.20199998219808      -0.173890730389085     
   6.00999991099040        1.50249997774760      -0.185221067879528     
   6.00999991099040        1.80299997329712      -0.196601067974539     
   6.00999991099040        2.10349996884664      -0.208095919615753     
   6.00999991099040        2.40399996439616      -0.219321617384143     
   6.00999991099040        2.70449995994568      -0.229310235863593     
   6.00999991099040        3.00499995549520      -0.236993961250151     
   6.00999991099040        3.30549995104472      -0.241587991230478     
   6.00999991099040        3.60599994659424      -0.243048655160731     
   6.00999991099040        3.90649994214376      -0.241586572342771     
   6.00999991099040        4.20699993769328      -0.236991881925049     
   6.00999991099040        4.50749993324280      -0.229308368249530     
   6.00999991099040        4.80799992879232      -0.219320852181204     
   6.00999991099040        5.10849992434184      -0.208097305349872     
   6.00999991099040        5.40899991989136      -0.196605667298691     
   6.00999991099040        5.70949991544088      -0.185229850004303     
   6.00999991099040        6.00999991099040      -0.173904905326873     
   6.00999991099040        6.31049990653992      -0.162585035327948     
   6.00999991099040        6.61099990208944      -0.151313579242105     
   6.00999991099040        6.91149989763896      -0.140308448889611     
   6.00999991099040        7.21199989318848      -0.129703018462784     
   6.31049990653992       0.000000000000000E+000 -0.125787520273444     
   6.31049990653992       0.300499995549520      -0.134566483176135     
   6.31049990653992       0.600999991099040      -0.143843919351585     
   6.31049990653992       0.901499986648560      -0.153355800001504     
   6.31049990653992        1.20199998219808      -0.162565223708320     
   6.31049990653992        1.50249997774760      -0.171532897104376     
   6.31049990653992        1.80299997329712      -0.180489082969322     
   6.31049990653992        2.10349996884664      -0.189533272756343     
   6.31049990653992        2.40399996439616      -0.198359511481653     
   6.31049990653992        2.70449995994568      -0.205973490101126     
   6.31049990653992        3.00499995549520      -0.210967786331708     
   6.31049990653992        3.30549995104472      -0.212767791691394     
   6.31049990653992        3.60599994659424      -0.212916311151226     
   6.31049990653992        3.90649994214376      -0.212766543209530     
   6.31049990653992        4.20699993769328      -0.210966713031185     
   6.31049990653992        4.50749993324280      -0.205973921162893     
   6.31049990653992        4.80799992879232      -0.198362120134725     
   6.31049990653992        5.10849992434184      -0.189538833018442     
   6.31049990653992        5.40899991989136      -0.180498433421710     
   6.31049990653992        5.70949991544088      -0.171547048301662     
   6.31049990653992        6.00999991099040      -0.162585991491924     
   6.31049990653992        6.31049990653992      -0.153385351535760     
   6.31049990653992        6.61099990208944      -0.143882723003994     
   6.31049990653992        6.91149989763896      -0.134607648334335     
   6.31049990653992        7.21199989318848      -0.125814379551562     
   6.61099990208944       0.000000000000000E+000 -0.121891993635954     
   6.61099990208944       0.300499995549520      -0.127783360842140     
   6.61099990208944       0.600999991099040      -0.135570546942210     
   6.61099990208944       0.901499986648560      -0.143844587454514     
   6.61099990208944        1.20199998219808      -0.151288090120837     
   6.61099990208944        1.50249997774760      -0.158306681889524     
   6.61099990208944        1.80299997329712      -0.165382656577470     
   6.61099990208944        2.10349996884664      -0.172708948663345     
   6.61099990208944        2.40399996439616      -0.180033707175351     
   6.61099990208944        2.70449995994568      -0.186237228038154     
   6.61099990208944        3.00499995549520      -0.189421980345744     
   6.61099990208944        3.30549995104472      -0.188569077708476     
   6.61099990208944        3.60599994659424      -0.187062200194697     
   6.61099990208944        3.90649994214376      -0.188567766458151     
   6.61099990208944        4.20699993769328      -0.189422095574204     
   6.61099990208944        4.50749993324280      -0.186240240764822     
   6.61099990208944        4.80799992879232      -0.180039877872873     
   6.61099990208944        5.10849992434184      -0.172718760915624     
   6.61099990208944        5.40899991989136      -0.165396588790869     
   6.61099990208944        5.70949991544088      -0.158325884568627     
   6.61099990208944        6.00999991099040      -0.151315143138235     
   6.61099990208944        6.31049990653992      -0.143883752894079     
   6.61099990208944        6.61099990208944      -0.135625215224778     
   6.61099990208944        6.91149989763896      -0.127844522247416     
   6.61099990208944        7.21199989318848      -0.121924051209757     
   6.91149989763896       0.000000000000000E+000 -0.118183681797723     
   6.91149989763896       0.300499995549520      -0.121332944011561     
   6.91149989763896       0.600999991099040      -0.127785793291518     
   6.91149989763896       0.901499986648560      -0.134567849236864     
   6.91149989763896        1.20199998219808      -0.140280781073519     
   6.91149989763896        1.50249997774760      -0.145710628160360     
   6.91149989763896        1.80299997329712      -0.151426314277210     
   6.91149989763896        2.10349996884664      -0.157698429419964     
   6.91149989763896        2.40399996439616      -0.164522288892402     
   6.91149989763896        2.70449995994568      -0.171105868280980     
   6.91149989763896        3.00499995549520      -0.175472074973639     
   6.91149989763896        3.30549995104472      -0.175334732493693     
   6.91149989763896        3.60599994659424      -0.173648946477849     
   6.91149989763896        3.90649994214376      -0.175334174278843     
   6.91149989763896        4.20699993769328      -0.175474583664919     
   6.91149989763896        4.50749993324280      -0.171112200555904     
   6.91149989763896        4.80799992879232      -0.164532092237172     
   6.91149989763896        5.10849992434184      -0.157711919561944     
   6.91149989763896        5.40899991989136      -0.151443699738394     
   6.91149989763896        5.70949991544088      -0.145732789356355     
   6.91149989763896        6.00999991099040      -0.140310237808905     
   6.91149989763896        6.31049990653992      -0.134609927621216     
   6.91149989763896        6.61099990208944      -0.127847393043019     
   6.91149989763896        6.91149989763896      -0.121404594535912     
   6.91149989763896        7.21199989318848      -0.118216951137342     
   7.21199989318848       0.000000000000000E+000 -0.113939606958702     
   7.21199989318848       0.300499995549520      -0.118186637437910     
   7.21199989318848       0.600999991099040      -0.121895826571880     
   7.21199989318848       0.901499986648560      -0.125788625270256     
   7.21199989318848        1.20199998219808      -0.129679929777206     
   7.21199989318848        1.50249997774760      -0.133840017205675     
   7.21199989318848        1.80299997329712      -0.138557885860554     
   7.21199989318848        2.10349996884664      -0.144096768137236     
   7.21199989318848        2.40399996439616      -0.150814529821859     
   7.21199989318848        2.70449995994568      -0.158447347358660     
   7.21199989318848        3.00499995549520      -0.165370844248249     
   7.21199989318848        3.30549995104472      -0.168121917047557     
   7.21199989318848        3.60599994659424      -0.167780191068247     
   7.21199989318848        3.90649994214376      -0.168125395719164     
   7.21199989318848        4.20699993769328      -0.165377912861399     
   7.21199989318848        4.50749993324280      -0.158457568338696     
   7.21199989318848        4.80799992879232      -0.150827519051194     
   7.21199989318848        5.10849992434184      -0.144112790107384     
   7.21199989318848        5.40899991989136      -0.138576814620937     
   7.21199989318848        5.70949991544088      -0.133861726166019     
   7.21199989318848        6.00999991099040      -0.129704665951410     
   7.21199989318848        6.31049990653992      -0.125817236373105     
   7.21199989318848        6.61099990208944      -0.121928967481134     
   7.21199989318848        6.91149989763896      -0.118220451867642     
   7.21199989318848        7.21199989318848      -0.113968921049531     
