  0.000000000000000E+000  0.000000000000000E+000 -0.288477324884542     
  0.000000000000000E+000  0.300499995549520      -0.293359300821109     
  0.000000000000000E+000  0.600999991099040      -0.298954080914278     
  0.000000000000000E+000  0.901499986648560      -0.306370321921961     
  0.000000000000000E+000   1.20199998219808      -0.312183447728993     
  0.000000000000000E+000   1.50249997774760      -0.314161472894282     
  0.000000000000000E+000   1.80299997329712      -0.311588535079231     
  0.000000000000000E+000   2.10349996884664      -0.305079834814780     
  0.000000000000000E+000   2.40399996439616      -0.296244593124082     
  0.000000000000000E+000   2.70449995994568      -0.285541041813499     
  0.000000000000000E+000   3.00499995549520      -0.274132780106420     
  0.000000000000000E+000   3.30549995104472      -0.266545763557635     
  0.000000000000000E+000   3.60599994659424      -0.254794320243988     
  0.000000000000000E+000   3.90649994214376      -0.236635395767355     
  0.000000000000000E+000   4.20699993769328      -0.214221313765216     
  0.000000000000000E+000   4.50749993324280      -0.186519502595052     
  0.000000000000000E+000   4.80799992879232      -0.161527180168382     
  0.000000000000000E+000   5.10849992434184      -0.141594380399441     
  0.000000000000000E+000   5.40899991989136      -0.126793250912475     
  0.000000000000000E+000   5.70949991544088      -0.116067638366677     
  0.000000000000000E+000   6.00999991099040      -0.108307982861229     
  0.000000000000000E+000   6.31049990653992      -0.102141837869384     
  0.000000000000000E+000   6.61099990208944      -9.641073747560980E-002
  0.000000000000000E+000   6.91149989763896      -9.247562254411458E-002
  0.000000000000000E+000   7.21199989318848      -9.056651303348548E-002
  0.300499995549520       0.000000000000000E+000 -0.293346029381340     
  0.300499995549520       0.300499995549520      -0.285811304074422     
  0.300499995549520       0.600999991099040      -0.309480729679172     
  0.300499995549520       0.901499986648560      -0.336022623166656     
  0.300499995549520        1.20199998219808      -0.350527341394685     
  0.300499995549520        1.50249997774760      -0.355139586140159     
  0.300499995549520        1.80299997329712      -0.352381849038786     
  0.300499995549520        2.10349996884664      -0.343792007411761     
  0.300499995549520        2.40399996439616      -0.332431513936053     
  0.300499995549520        2.70449995994568      -0.318222839342654     
  0.300499995549520        3.00499995549520      -0.298889124945936     
  0.300499995549520        3.30549995104472      -0.280059867195987     
  0.300499995549520        3.60599994659424      -0.265914120000664     
  0.300499995549520        3.90649994214376      -0.247773001159226     
  0.300499995549520        4.20699993769328      -0.222975347391065     
  0.300499995549520        4.50749993324280      -0.195122678854631     
  0.300499995549520        4.80799992879232      -0.169981843329617     
  0.300499995549520        5.10849992434184      -0.149567444259382     
  0.300499995549520        5.40899991989136      -0.133881061363452     
  0.300499995549520        5.70949991544088      -0.122083728481878     
  0.300499995549520        6.00999991099040      -0.113079739121508     
  0.300499995549520        6.31049990653992      -0.105671179829777     
  0.300499995549520        6.61099990208944      -9.903853923060146E-002
  0.300499995549520        6.91149989763896      -9.540564224375625E-002
  0.300499995549520        7.21199989318848      -9.285315460851587E-002
  0.600999991099040       0.000000000000000E+000 -0.298935222982609     
  0.600999991099040       0.300499995549520      -0.309470734472573     
  0.600999991099040       0.600999991099040      -0.337549932988950     
  0.600999991099040       0.901499986648560      -0.368737773246913     
  0.600999991099040        1.20199998219808      -0.387774345782846     
  0.600999991099040        1.50249997774760      -0.394584043702168     
  0.600999991099040        1.80299997329712      -0.391715390640977     
  0.600999991099040        2.10349996884664      -0.381434484921209     
  0.600999991099040        2.40399996439616      -0.367428604836278     
  0.600999991099040        2.70449995994568      -0.351725360477073     
  0.600999991099040        3.00499995549520      -0.328179626133671     
  0.600999991099040        3.30549995104472      -0.300645330713246     
  0.600999991099040        3.60599994659424      -0.275059307314931     
  0.600999991099040        3.90649994214376      -0.251032517814933     
  0.600999991099040        4.20699993769328      -0.225193169002551     
  0.600999991099040        4.50749993324280      -0.198930970616195     
  0.600999991099040        4.80799992879232      -0.175554531900400     
  0.600999991099040        5.10849992434184      -0.155925074905211     
  0.600999991099040        5.40899991989136      -0.140142534226607     
  0.600999991099040        5.70949991544088      -0.127837601104351     
  0.600999991099040        6.00999991099040      -0.118223585820775     
  0.600999991099040        6.31049990653992      -0.110503188017433     
  0.600999991099040        6.61099990208944      -0.104177478367641     
  0.600999991099040        6.91149989763896      -9.904060407618298E-002
  0.600999991099040        7.21199989318848      -9.290071477593119E-002
  0.901499986648560       0.000000000000000E+000 -0.306357303916730     
  0.901499986648560       0.300499995549520      -0.336013919587615     
  0.901499986648560       0.600999991099040      -0.368734635814356     
  0.901499986648560       0.901499986648560      -0.399220423631205     
  0.901499986648560        1.20199998219808      -0.419506194377584     
  0.901499986648560        1.50249997774760      -0.427741790203819     
  0.901499986648560        1.80299997329712      -0.424989123564392     
  0.901499986648560        2.10349996884664      -0.413116537046921     
  0.901499986648560        2.40399996439616      -0.398329368210693     
  0.901499986648560        2.70449995994568      -0.379850810929392     
  0.901499986648560        3.00499995549520      -0.354450291361816     
  0.901499986648560        3.30549995104472      -0.322406375198832     
  0.901499986648560        3.60599994659424      -0.288947481647709     
  0.901499986648560        3.90649994214376      -0.257407690715476     
  0.901499986648560        4.20699993769328      -0.228308378827350     
  0.901499986648560        4.50749993324280      -0.202243353706709     
  0.901499986648560        4.80799992879232      -0.179993286539799     
  0.901499986648560        5.10849992434184      -0.161161062339079     
  0.901499986648560        5.40899991989136      -0.145459711433039     
  0.901499986648560        5.70949991544088      -0.132903314223359     
  0.901499986648560        6.00999991099040      -0.122846526496881     
  0.901499986648560        6.31049990653992      -0.114645566141176     
  0.901499986648560        6.61099990208944      -0.107611818393771     
  0.901499986648560        6.91149989763896      -0.100718426038662     
  0.901499986648560        7.21199989318848      -9.296976494061757E-002
   1.20199998219808       0.000000000000000E+000 -0.312172539509276     
   1.20199998219808       0.300499995549520      -0.350519771463739     
   1.20199998219808       0.600999991099040      -0.387770448340523     
   1.20199998219808       0.901499986648560      -0.419504794580350     
   1.20199998219808        1.20199998219808      -0.440994260477564     
   1.20199998219808        1.50249997774760      -0.450376515398978     
   1.20199998219808        1.80299997329712      -0.447601338250836     
   1.20199998219808        2.10349996884664      -0.436770420217184     
   1.20199998219808        2.40399996439616      -0.422107043613518     
   1.20199998219808        2.70449995994568      -0.400325109696864     
   1.20199998219808        3.00499995549520      -0.371204485503280     
   1.20199998219808        3.30549995104472      -0.336687421364904     
   1.20199998219808        3.60599994659424      -0.299774023299599     
   1.20199998219808        3.90649994214376      -0.264323540791028     
   1.20199998219808        4.20699993769328      -0.232846570855182     
   1.20199998219808        4.50749993324280      -0.206218036104157     
   1.20199998219808        4.80799992879232      -0.184017496675596     
   1.20199998219808        5.10849992434184      -0.165451567834422     
   1.20199998219808        5.40899991989136      -0.149861353495005     
   1.20199998219808        5.70949991544088      -0.137028116443321     
   1.20199998219808        6.00999991099040      -0.126422101681259     
   1.20199998219808        6.31049990653992      -0.117408246722302     
   1.20199998219808        6.61099990208944      -0.109294086569180     
   1.20199998219808        6.91149989763896      -0.101306720188634     
   1.20199998219808        7.21199989318848      -9.303226576219439E-002
   1.50249997774760       0.000000000000000E+000 -0.314149867732158     
   1.50249997774760       0.300499995549520      -0.355131403699100     
   1.50249997774760       0.600999991099040      -0.394579144279740     
   1.50249997774760       0.901499986648560      -0.427739046783075     
   1.50249997774760        1.20199998219808      -0.450374957091403     
   1.50249997774760        1.50249997774760      -0.460114085831838     
   1.50249997774760        1.80299997329712      -0.458298285194467     
   1.50249997774760        2.10349996884664      -0.450844556516949     
   1.50249997774760        2.40399996439616      -0.435824434850594     
   1.50249997774760        2.70449995994568      -0.411788132612713     
   1.50249997774760        3.00499995549520      -0.379873506257766     
   1.50249997774760        3.30549995104472      -0.343036582284109     
   1.50249997774760        3.60599994659424      -0.304912514848546     
   1.50249997774760        3.90649994214376      -0.268803947151180     
   1.50249997774760        4.20699993769328      -0.236878302071024     
   1.50249997774760        4.50749993324280      -0.209874063299413     
   1.50249997774760        4.80799992879232      -0.187469247266023     
   1.50249997774760        5.10849992434184      -0.168878240464511     
   1.50249997774760        5.40899991989136      -0.153310675100302     
   1.50249997774760        5.70949991544088      -0.140187918125771     
   1.50249997774760        6.00999991099040      -0.128998764823843     
   1.50249997774760        6.31049990653992      -0.119153310983735     
   1.50249997774760        6.61099990208944      -0.110125743494152     
   1.50249997774760        6.91149989763896      -0.101478819247666     
   1.50249997774760        7.21199989318848      -9.303593468140765E-002
   1.80299997329712       0.000000000000000E+000 -0.311576918619902     
   1.80299997329712       0.300499995549520      -0.352373192331703     
   1.80299997329712       0.600999991099040      -0.391709226107134     
   1.80299997329712       0.901499986648560      -0.424984179105332     
   1.80299997329712        1.20199998219808      -0.447596721216952     
   1.80299997329712        1.50249997774760      -0.458294683777210     
   1.80299997329712        1.80299997329712      -0.460689590997352     
   1.80299997329712        2.10349996884664      -0.454137094861504     
   1.80299997329712        2.40399996439616      -0.437706970054826     
   1.80299997329712        2.70449995994568      -0.411989867212709     
   1.80299997329712        3.00499995549520      -0.379195949944664     
   1.80299997329712        3.30549995104472      -0.342512224179320     
   1.80299997329712        3.60599994659424      -0.305247887710094     
   1.80299997329712        3.90649994214376      -0.270126546255870     
   1.80299997329712        4.20699993769328      -0.238876342795721     
   1.80299997329712        4.50749993324280      -0.212172113540426     
   1.80299997329712        4.80799992879232      -0.189863174520626     
   1.80299997329712        5.10849992434184      -0.171317698263586     
   1.80299997329712        5.40899991989136      -0.155743278201196     
   1.80299997329712        5.70949991544088      -0.142409125561392     
   1.80299997329712        6.00999991099040      -0.130729812226864     
   1.80299997329712        6.31049990653992      -0.120208375967770     
   1.80299997329712        6.61099990208944      -0.110506652978392     
   1.80299997329712        6.91149989763896      -0.101438039688073     
   1.80299997329712        7.21199989318848      -9.293112377253872E-002
   2.10349996884664       0.000000000000000E+000 -0.305071033831418     
   2.10349996884664       0.300499995549520      -0.343784636285807     
   2.10349996884664       0.600999991099040      -0.381427486811771     
   2.10349996884664       0.901499986648560      -0.413108489415333     
   2.10349996884664        1.20199998219808      -0.436760674618359     
   2.10349996884664        1.50249997774760      -0.450834418309940     
   2.10349996884664        1.80299997329712      -0.454129904301822     
   2.10349996884664        2.10349996884664      -0.446200754853573     
   2.10349996884664        2.40399996439616      -0.427856479650557     
   2.10349996884664        2.70449995994568      -0.401187897997765     
   2.10349996884664        3.00499995549520      -0.369062154403415     
   2.10349996884664        3.30549995104472      -0.334442126683317     
   2.10349996884664        3.60599994659424      -0.299886609423832     
   2.10349996884664        3.90649994214376      -0.267314392895302     
   2.10349996884664        4.20699993769328      -0.237955388655180     
   2.10349996884664        4.50749993324280      -0.212412770844250     
   2.10349996884664        4.80799992879232      -0.190742755520941     
   2.10349996884664        5.10849992434184      -0.172544915912349     
   2.10349996884664        5.40899991989136      -0.157123866220775     
   2.10349996884664        5.70949991544088      -0.143715231715240     
   2.10349996884664        6.00999991099040      -0.131694709177701     
   2.10349996884664        6.31049990653992      -0.120681470175046     
   2.10349996884664        6.61099990208944      -0.110517154676265     
   2.10349996884664        6.91149989763896      -0.101186305020862     
   2.10349996884664        7.21199989318848      -9.269303679142206E-002
   2.40399996439616       0.000000000000000E+000 -0.296242147511536     
   2.40399996439616       0.300499995549520      -0.332427785572382     
   2.40399996439616       0.600999991099040      -0.367421872686024     
   2.40399996439616       0.901499986648560      -0.398317863511720     
   2.40399996439616        1.20199998219808      -0.422090586446709     
   2.40399996439616        1.50249997774760      -0.435805359813049     
   2.40399996439616        1.80299997329712      -0.437689696768508     
   2.40399996439616        2.10349996884664      -0.427846034498884     
   2.40399996439616        2.40399996439616      -0.408201257330308     
   2.40399996439616        2.70449995994568      -0.381774178349307     
   2.40399996439616        3.00499995549520      -0.351687900616523     
   2.40399996439616        3.30549995104472      -0.320445158005413     
   2.40399996439616        3.60599994659424      -0.289751095742608     
   2.40399996439616        3.90649994214376      -0.260709725785626     
   2.40399996439616        4.20699993769328      -0.234072510658223     
   2.40399996439616        4.50749993324280      -0.210373488893247     
   2.40399996439616        4.80799992879232      -0.189862650721751     
   2.40399996439616        5.10849992434184      -0.172372438753294     
   2.40399996439616        5.40899991989136      -0.157343259759110     
   2.40399996439616        5.70949991544088      -0.144049519164753     
   2.40399996439616        6.00999991099040      -0.131894066898894     
   2.40399996439616        6.31049990653992      -0.120588261639520     
   2.40399996439616        6.61099990208944      -0.110133451723361     
   2.40399996439616        6.91149989763896      -0.100677926762279     
   2.40399996439616        7.21199989318848      -9.233748465131308E-002
   2.70449995994568       0.000000000000000E+000 -0.285547745236416     
   2.70449995994568       0.300499995549520      -0.318225591934976     
   2.70449995994568       0.600999991099040      -0.351721263020044     
   2.70449995994568       0.901499986648560      -0.379837063380444     
   2.70449995994568        1.20199998219808      -0.400301954716109     
   2.70449995994568        1.50249997774760      -0.411759629607683     
   2.70449995994568        1.80299997329712      -0.411961918080774     
   2.70449995994568        2.10349996884664      -0.401166418369718     
   2.70449995994568        2.40399996439616      -0.381763123199078     
   2.70449995994568        2.70449995994568      -0.357089697373208     
   2.70449995994568        3.00499995549520      -0.330174232521609     
   2.70449995994568        3.30549995104472      -0.303006584792452     
   2.70449995994568        3.60599994659424      -0.276569250332360     
   2.70449995994568        3.90649994214376      -0.251332351410524     
   2.70449995994568        4.20699993769328      -0.227709475528400     
   2.70449995994568        4.50749993324280      -0.206202320195437     
   2.70449995994568        4.80799992879232      -0.187203403948164     
   2.70449995994568        5.10849992434184      -0.170717239313916     
   2.70449995994568        5.40899991989136      -0.156305203413206     
   2.70449995994568        5.70949991544088      -0.143314071054365     
   2.70449995994568        6.00999991099040      -0.131218118999803     
   2.70449995994568        6.31049990653992      -0.119819213993953     
   2.70449995994568        6.61099990208944      -0.109224163195374     
   2.70449995994568        6.91149989763896      -9.985464207922867E-002
   2.70449995994568        7.21199989318848      -9.196519200100577E-002
   3.00499995549520       0.000000000000000E+000 -0.274148092262826     
   3.00499995549520       0.300499995549520      -0.298899600012011     
   3.00499995549520       0.600999991099040      -0.328180632060905     
   3.00499995549520       0.901499986648560      -0.354436802128559     
   3.00499995549520        1.20199998219808      -0.371176401579597     
   3.00499995549520        1.50249997774760      -0.379837417193994     
   3.00499995549520        1.80299997329712      -0.379159595203467     
   3.00499995549520        2.10349996884664      -0.369032210528345     
   3.00499995549520        2.40399996439616      -0.351668462242008     
   3.00499995549520        2.70449995994568      -0.330165833743196     
   3.00499995549520        3.00499995549520      -0.307186371295877     
   3.00499995549520        3.30549995104472      -0.284264615348339     
   3.00499995549520        3.60599994659424      -0.261904628424622     
   3.00499995549520        3.90649994214376      -0.240214542677841     
   3.00499995549520        4.20699993769328      -0.219473972596705     
   3.00499995549520        4.50749993324280      -0.200209574212700     
   3.00499995549520        4.80799992879232      -0.182887601406453     
   3.00499995549520        5.10849992434184      -0.167593062474085     
   3.00499995549520        5.40899991989136      -0.153965781778603     
   3.00499995549520        5.70949991544088      -0.141439193241006     
   3.00499995549520        6.00999991099040      -0.129593465979049     
   3.00499995549520        6.31049990653992      -0.118308264604087     
   3.00499995549520        6.61099990208944      -0.107818839981541     
   3.00499995549520        6.91149989763896      -9.884842358218567E-002
   3.00499995549520        7.21199989318848      -9.178929876135278E-002
   3.30549995104472       0.000000000000000E+000 -0.266558908725435     
   3.30549995104472       0.300499995549520      -0.280072290705187     
   3.30549995104472       0.600999991099040      -0.300648174403548     
   3.30549995104472       0.901499986648560      -0.322391920208316     
   3.30549995104472        1.20199998219808      -0.336656196074089     
   3.30549995104472        1.50249997774760      -0.342996226087417     
   3.30549995104472        1.80299997329712      -0.342471800190587     
   3.30549995104472        2.10349996884664      -0.334408469810767     
   3.30549995104472        2.40399996439616      -0.320422074080239     
   3.30549995104472        2.70449995994568      -0.302994286772492     
   3.30549995104472        3.00499995549520      -0.284260411337661     
   3.30549995104472        3.30549995104472      -0.265386452485193     
   3.30549995104472        3.60599994659424      -0.246637343219405     
   3.30549995104472        3.90649994214376      -0.228013698297234     
   3.30549995104472        4.20699993769328      -0.209842806856870     
   3.30549995104472        4.50749993324280      -0.192715751323942     
   3.30549995104472        4.80799992879232      -0.177103957400554     
   3.30549995104472        5.10849992434184      -0.163087384730693     
   3.30549995104472        5.40899991989136      -0.150343276941748     
   3.30549995104472        5.70949991544088      -0.138405064450517     
   3.30549995104472        6.00999991099040      -0.126996292481871     
   3.30549995104472        6.31049990653992      -0.116098000976169     
   3.30549995104472        6.61099990208944      -0.106078260137602     
   3.30549995104472        6.91149989763896      -9.801291497491048E-002
   3.30549995104472        7.21199989318848      -9.197984634047578E-002
   3.60599994659424       0.000000000000000E+000 -0.254795684490199     
   3.60599994659424       0.300499995549520      -0.265916779592613     
   3.60599994659424       0.600999991099040      -0.275052818506510     
   3.60599994659424       0.901499986648560      -0.288926420992427     
   3.60599994659424        1.20199998219808      -0.299739538328992     
   3.60599994659424        1.50249997774760      -0.304871425720401     
   3.60599994659424        1.80299997329712      -0.305208209794744     
   3.60599994659424        2.10349996884664      -0.299854319629965     
   3.60599994659424        2.40399996439616      -0.289729183692036     
   3.60599994659424        2.70449995994568      -0.276557381094704     
   3.60599994659424        3.00499995549520      -0.261900013864100     
   3.60599994659424        3.30549995104472      -0.246636415525457     
   3.60599994659424        3.60599994659424      -0.230978431422595     
   3.60599994659424        3.90649994214376      -0.214998733213644     
   3.60599994659424        4.20699993769328      -0.199141804221182     
   3.60599994659424        4.50749993324280      -0.184035792938112     
   3.60599994659424        4.80799992879232      -0.170100236487385     
   3.60599994659424        5.10849992434184      -0.157364921063933     
   3.60599994659424        5.40899991989136      -0.145533165468977     
   3.60599994659424        5.70949991544088      -0.134257884193057     
   3.60599994659424        6.00999991099040      -0.123438160995644     
   3.60599994659424        6.31049990653992      -0.113189021031269     
   3.60599994659424        6.61099990208944      -0.104017030989170     
   3.60599994659424        6.91149989763896      -9.716611382232931E-002
   3.60599994659424        7.21199989318848      -9.188639663175251E-002
   3.90649994214376       0.000000000000000E+000 -0.236622099581054     
   3.90649994214376       0.300499995549520      -0.247754282005107     
   3.90649994214376       0.600999991099040      -0.251008650929875     
   3.90649994214376       0.901499986648560      -0.257376974747830     
   3.90649994214376        1.20199998219808      -0.264286774216496     
   3.90649994214376        1.50249997774760      -0.268765391419886     
   3.90649994214376        1.80299997329712      -0.270091470685101     
   3.90649994214376        2.10349996884664      -0.267287173256350     
   3.90649994214376        2.40399996439616      -0.260692194685963     
   3.90649994214376        2.70449995994568      -0.251323535120805     
   3.90649994214376        3.00499995549520      -0.240211602840259     
   3.90649994214376        3.30549995104472      -0.228013465730204     
   3.90649994214376        3.60599994659424      -0.214999005731627     
   3.90649994214376        3.90649994214376      -0.201400869677466     
   3.90649994214376        4.20699993769328      -0.187720996000821     
   3.90649994214376        4.50749993324280      -0.174540219141052     
   3.90649994214376        4.80799992879232      -0.162195772509526     
   3.90649994214376        5.10849992434184      -0.150672877078994     
   3.90649994214376        5.40899991989136      -0.139724055158847     
   3.90649994214376        5.70949991544088      -0.129137851131536     
   3.90649994214376        6.00999991099040      -0.118977503608720     
   3.90649994214376        6.31049990653992      -0.109497239358151     
   3.90649994214376        6.61099990208944      -0.101187934996625     
   3.90649994214376        6.91149989763896      -9.469963159396382E-002
   3.90649994214376        7.21199989318848      -8.913199841412088E-002
   4.20699993769328       0.000000000000000E+000 -0.214194657031685     
   4.20699993769328       0.300499995549520      -0.222944167972456     
   4.20699993769328       0.600999991099040      -0.225159697111722     
   4.20699993769328       0.901499986648560      -0.228273512354035     
   4.20699993769328        1.20199998219808      -0.232811696744462     
   4.20699993769328        1.50249997774760      -0.236845049510258     
   4.20699993769328        1.80299997329712      -0.238848007762647     
   4.20699993769328        2.10349996884664      -0.237934775864594     
   4.20699993769328        2.40399996439616      -0.234060328074762     
   4.20699993769328        2.70449995994568      -0.227704233146798     
   4.20699993769328        3.00499995549520      -0.219472935594831     
   4.20699993769328        3.30549995104472      -0.209843319876792     
   4.20699993769328        3.60599994659424      -0.199142263279135     
   4.20699993769328        3.90649994214376      -0.187721037139209     
   4.20699993769328        4.20699993769328      -0.176066065172932     
   4.20699993769328        4.50749993324280      -0.164656198919562     
   4.20699993769328        4.80799992879232      -0.153746611752019     
   4.20699993769328        5.10849992434184      -0.143312871744400     
   4.20699993769328        5.40899991989136      -0.133189521708193     
   4.20699993769328        5.70949991544088      -0.123300972694341     
   4.20699993769328        6.00999991099040      -0.113818728477595     
   4.20699993769328        6.31049990653992      -0.105079416855152     
   4.20699993769328        6.61099990208944      -9.744256839857823E-002
   4.20699993769328        6.91149989763896      -9.120839261070618E-002
   4.20699993769328        7.21199989318848      -8.583782402517025E-002
   4.50749993324280       0.000000000000000E+000 -0.186494452774149     
   4.50749993324280       0.300499995549520      -0.195094489779202     
   4.50749993324280       0.600999991099040      -0.198900743045836     
   4.50749993324280       0.901499986648560      -0.202213201982638     
   4.50749993324280        1.20199998219808      -0.206189017824670     
   4.50749993324280        1.50249997774760      -0.209847712763258     
   4.50749993324280        1.80299997329712      -0.212150927109188     
   4.50749993324280        2.10349996884664      -0.212398429463617     
   4.50749993324280        2.40399996439616      -0.210365901880787     
   4.50749993324280        2.70449995994568      -0.206199771359422     
   4.50749993324280        3.00499995549520      -0.200209638864890     
   4.50749993324280        3.30549995104472      -0.192716372566342     
   4.50749993324280        3.60599994659424      -0.184035940041340     
   4.50749993324280        3.90649994214376      -0.174539869336844     
   4.50749993324280        4.20699993769328      -0.164655823994433     
   4.50749993324280        4.50749993324280      -0.154764484324354     
   4.50749993324280        4.80799992879232      -0.145071177394345     
   4.50749993324280        5.10849992434184      -0.135584857956916     
   4.50749993324280        5.40899991989136      -0.126242873946873     
   4.50749993324280        5.70949991544088      -0.117083886920870     
   4.50749993324280        6.00999991099040      -0.108328540640790     
   4.50749993324280        6.31049990653992      -0.100283438131008     
   4.50749993324280        6.61099990208944      -9.316155022039045E-002
   4.50749993324280        6.91149989763896      -8.704533852879530E-002
   4.50749993324280        7.21199989318848      -8.155872999566856E-002
   4.80799992879232       0.000000000000000E+000 -0.161510341927305     
   4.80799992879232       0.300499995549520      -0.169963207924888     
   4.80799992879232       0.600999991099040      -0.175533779279583     
   4.80799992879232       0.901499986648560      -0.179971333140183     
   4.80799992879232        1.20199998219808      -0.183995845031494     
   4.80799992879232        1.50249997774760      -0.187450020227000     
   4.80799992879232        1.80299997329712      -0.189848408767771     
   4.80799992879232        2.10349996884664      -0.190733448125515     
   4.80799992879232        2.40399996439616      -0.189858329292200     
   4.80799992879232        2.70449995994568      -0.187202447430514     
   4.80799992879232        3.00499995549520      -0.182888051372277     
   4.80799992879232        3.30549995104472      -0.177104335269560     
   4.80799992879232        3.60599994659424      -0.170099951853698     
   4.80799992879232        3.90649994214376      -0.162194996767520     
   4.80799992879232        4.20699993769328      -0.153745823040161     
   4.80799992879232        4.50749993324280      -0.145070737048485     
   4.80799992879232        4.80799992879232      -0.136371996555729     
   4.80799992879232        5.10849992434184      -0.127725745545229     
   4.80799992879232        5.40899991989136      -0.119169350890521     
   4.80799992879232        5.70949991544088      -0.110811102456218     
   4.80799992879232        6.00999991099040      -0.102860623556732     
   4.80799992879232        6.31049990653992      -9.554171794310649E-002
   4.80799992879232        6.61099990208944      -8.895391691823144E-002
   4.80799992879232        6.91149989763896      -8.301633262209837E-002
   4.80799992879232        7.21199989318848      -7.753851958036369E-002
   5.10849992434184       0.000000000000000E+000 -0.141586496645846     
   5.10849992434184       0.300499995549520      -0.149558259981411     
   5.10849992434184       0.600999991099040      -0.155913393188140     
   5.10849992434184       0.901499986648560      -0.161147195354317     
   5.10849992434184        1.20199998219808      -0.165437212116451     
   5.10849992434184        1.50249997774760      -0.168865504722594     
   5.10849992434184        1.80299997329712      -0.171308271049722     
   5.10849992434184        2.10349996884664      -0.172539464139203     
   5.10849992434184        2.40399996439616      -0.172370462782650     
   5.10849992434184        2.70449995994568      -0.170717430663627     
   5.10849992434184        3.00499995549520      -0.167593944820543     
   5.10849992434184        3.30549995104472      -0.163087899025100     
   5.10849992434184        3.60599994659424      -0.157364690897607     
   5.10849992434184        3.90649994214376      -0.150672093001924     
   5.10849992434184        4.20699993769328      -0.143311950287485     
   5.10849992434184        4.50749993324280      -0.135584134313060     
   5.10849992434184        4.80799992879232      -0.127725367936951     
   5.10849992434184        5.10849992434184      -0.119887554955063     
   5.10849992434184        5.40899991989136      -0.112177708372212     
   5.10849992434184        5.70949991544088      -0.104714412002661     
   5.10849992434184        6.00999991099040      -9.763687547609511E-002
   5.10849992434184        6.31049990653992      -9.105230780472047E-002
   5.10849992434184        6.61099990208944      -8.498159411948997E-002
   5.10849992434184        6.91149989763896      -7.939484034975620E-002
   5.10849992434184        7.21199989318848      -7.413750529462539E-002
   5.40899991989136       0.000000000000000E+000 -0.126791818951330     
   5.40899991989136       0.300499995549520      -0.133878695817498     
   5.40899991989136       0.600999991099040      -0.140137908602083     
   5.40899991989136       0.901499986648560      -0.145452900214954     
   5.40899991989136        1.20199998219808      -0.149853506411854     
   5.40899991989136        1.50249997774760      -0.153303475844931     
   5.40899991989136        1.80299997329712      -0.155738228720831     
   5.40899991989136        2.10349996884664      -0.157121583603014     
   5.40899991989136        2.40399996439616      -0.157343440436553     
   5.40899991989136        2.70449995994568      -0.156306908313173     
   5.40899991989136        3.00499995549520      -0.153967870774157     
   5.40899991989136        3.30549995104472      -0.150344823980736     
   5.40899991989136        3.60599994659424      -0.145533731048075     
   5.40899991989136        3.90649994214376      -0.139723722298133     
   5.40899991989136        4.20699993769328      -0.133188682638795     
   5.40899991989136        4.50749993324280      -0.126241943071901     
   5.40899991989136        4.80799992879232      -0.119168614884439     
   5.40899991989136        5.10849992434184      -0.112177322926180     
   5.40899991989136        5.40899991989136      -0.105398460227306     
   5.40899991989136        5.70949991544088      -9.890824286257004E-002
   5.40899991989136        6.00999991099040      -9.273755916144780E-002
   5.40899991989136        6.31049990653992      -8.690595203023835E-002
   5.40899991989136        6.61099990208944      -8.143773703289400E-002
   5.40899991989136        6.91149989763896      -7.628186214530826E-002
   5.40899991989136        7.21199989318848      -7.136685009979603E-002
   5.70949991544088       0.000000000000000E+000 -0.116069233500771     
   5.70949991544088       0.300499995549520      -0.122084839150387     
   5.70949991544088       0.600999991099040      -0.127837151542857     
   5.70949991544088       0.901499986648560      -0.132901173152977     
   5.70949991544088        1.20199998219808      -0.137025037333234     
   5.70949991544088        1.50249997774760      -0.140185089780106     
   5.70949991544088        1.80299997329712      -0.142407632101248     
   5.70949991544088        2.10349996884664      -0.143715780335598     
   5.70949991544088        2.40399996439616      -0.144052105928373     
   5.70949991544088        2.70449995994568      -0.143318073413201     
   5.70949991544088        3.00499995549520      -0.141443555867098     
   5.70949991544088        3.30549995104472      -0.138408578141795     
   5.70949991544088        3.60599994659424      -0.134259693857008     
   5.70949991544088        3.90649994214376      -0.129137927147503     
   5.70949991544088        4.20699993769328      -0.123299958313778     
   5.70949991544088        4.50749993324280      -0.117082524625051     
   5.70949991544088        4.80799992879232      -0.110809913630680     
   5.70949991544088        5.10849992434184      -0.104713677085759     
   5.70949991544088        5.40899991989136      -9.890800523768578E-002
   5.70949991544088        5.70949991544088      -9.340510711655031E-002
   5.70949991544088        6.00999991099040      -8.815599244100844E-002
   5.70949991544088        6.31049990653992      -8.314591757165918E-002
   5.70949991544088        6.61099990208944      -7.834800935733817E-002
   5.70949991544088        6.91149989763896      -7.371596054854150E-002
   5.70949991544088        7.21199989318848      -6.920040327499755E-002
   6.00999991099040       0.000000000000000E+000 -0.108308230530805     
   6.00999991099040       0.300499995549520      -0.113080338268712     
   6.00999991099040       0.600999991099040      -0.118224077260578     
   6.00999991099040       0.901499986648560      -0.122846440990128     
   6.00999991099040        1.20199998219808      -0.126421613107880     
   6.00999991099040        1.50249997774760      -0.128998660819636     
   6.00999991099040        1.80299997329712      -0.130730951704125     
   6.00999991099040        2.10349996884664      -0.131697704713187     
   6.00999991099040        2.40399996439616      -0.131899260936907     
   6.00999991099040        2.70449995994568      -0.131225220005498     
   6.00999991099040        3.00499995549520      -0.129601315604480     
   6.00999991099040        3.30549995104472      -0.127002701628353     
   6.00999991099040        3.60599994659424      -0.123441043745344     
   6.00999991099040        3.90649994214376      -0.118976924352834     
   6.00999991099040        4.20699993769328      -0.113816528284423     
   6.00999991099040        4.50749993324280      -0.108326242212756     
   6.00999991099040        4.80799992879232      -0.102858918543583     
   6.00999991099040        5.10849992434184      -9.763601388348103E-002
   6.00999991099040        5.40899991989136      -9.273750360718261E-002
   6.00999991099040        5.70949991544088      -8.815628995113722E-002
   6.00999991099040        6.00999991099040      -8.382013579418025E-002
   6.00999991099040        6.31049990653992      -7.964140415374504E-002
   6.00999991099040        6.61099990208944      -7.555422011834963E-002
   6.00999991099040        6.91149989763896      -7.153252200184634E-002
   6.00999991099040        7.21199989318848      -6.751032057284238E-002
   6.31049990653992       0.000000000000000E+000 -0.102135703308950     
   6.31049990653992       0.300499995549520      -0.105667062298988     
   6.31049990653992       0.600999991099040      -0.110502013247231     
   6.31049990653992       0.901499986648560      -0.114645537913885     
   6.31049990653992        1.20199998219808      -0.117408470397358     
   6.31049990653992        1.50249997774760      -0.119154232766328     
   6.31049990653992        1.80299997329712      -0.120210848027323     
   6.31049990653992        2.10349996884664      -0.120686178690851     
   6.31049990653992        2.40399996439616      -0.120595873420922     
   6.31049990653992        2.70449995994568      -0.119830198076507     
   6.31049990653992        3.00499995549520      -0.118321232159862     
   6.31049990653992        3.30549995104472      -0.116108396635263     
   6.31049990653992        3.60599994659424      -0.113192550519501     
   6.31049990653992        3.90649994214376      -0.109494428443274     
   6.31049990653992        4.20699993769328      -0.105074503980979     
   6.31049990653992        4.50749993324280      -0.100279699211940     
   6.31049990653992        4.80799992879232      -9.553977480313761E-002
   6.31049990653992        5.10849992434184      -9.105188744033134E-002
   6.31049990653992        5.40899991989136      -8.690669203830449E-002
   6.31049990653992        5.70949991544088      -8.314713631768424E-002
   6.31049990653992        6.00999991099040      -7.964235548987829E-002
   6.31049990653992        6.31049990653992      -7.622174537264795E-002
   6.31049990653992        6.61099990208944      -7.277632832075842E-002
   6.31049990653992        6.91149989763896      -6.941259958952589E-002
   6.31049990653992        7.21199989318848      -6.607474839525508E-002
   6.61099990208944       0.000000000000000E+000 -9.639597241402265E-002
   6.61099990208944       0.300499995549520      -9.902922378507290E-002
   6.61099990208944       0.600999991099040      -0.104175499540880     
   6.61099990208944       0.901499986648560      -0.107611724983475     
   6.61099990208944        1.20199998219808      -0.109294053058498     
   6.61099990208944        1.50249997774760      -0.110126418112811     
   6.61099990208944        1.80299997329712      -0.110509131248865     
   6.61099990208944        2.10349996884664      -0.110522407334043     
   6.61099990208944        2.40399996439616      -0.110142610894473     
   6.61099990208944        2.70449995994568      -0.109238699441000     
   6.61099990208944        3.00499995549520      -0.107836892752823     
   6.61099990208944        3.30549995104472      -0.106093268956678     
   6.61099990208944        3.60599994659424      -0.104020887672606     
   6.61099990208944        3.90649994214376      -0.101182340625654     
   6.61099990208944        4.20699993769328      -9.743562587741426E-002
   6.61099990208944        4.50749993324280      -9.315730305672028E-002
   6.61099990208944        4.80799992879232      -8.895275276393183E-002
   6.61099990208944        5.10849992434184      -8.498254797136930E-002
   6.61099990208944        5.40899991989136      -8.143995416157901E-002
   6.61099990208944        5.70949991544088      -7.835067322715150E-002
   6.61099990208944        6.00999991099040      -7.555653911182894E-002
   6.61099990208944        6.31049990653992      -7.277760500364798E-002
   6.61099990208944        6.61099990208944      -6.974343153204042E-002
   6.61099990208944        6.91149989763896      -6.687869046983833E-002
   6.61099990208944        7.21199989318848      -6.459591586018887E-002
   6.91149989763896       0.000000000000000E+000 -9.246540261250685E-002
   6.91149989763896       0.300499995549520      -9.540213711511390E-002
   6.91149989763896       0.600999991099040      -9.904336447703052E-002
   6.91149989763896       0.901499986648560      -0.100719730401888     
   6.91149989763896        1.20199998219808      -0.101306436273008     
   6.91149989763896        1.50249997774760      -0.101478705857842     
   6.91149989763896        1.80299997329712      -0.101439585270226     
   6.91149989763896        2.10349996884664      -0.101190680726762     
   6.91149989763896        2.40399996439616      -0.100686613003778     
   6.91149989763896        2.70449995994568      -9.986899759591553E-002
   6.91149989763896        3.00499995549520      -9.886729488585079E-002
   6.91149989763896        3.30549995104472      -9.802980470099339E-002
   6.91149989763896        3.60599994659424      -9.716981841150751E-002
   6.91149989763896        3.90649994214376      -9.469430718884246E-002
   6.91149989763896        4.20699993769328      -9.120394538321784E-002
   6.91149989763896        4.50749993324280      -8.704414797353309E-002
   6.91149989763896        4.80799992879232      -8.301787845572600E-002
   6.91149989763896        5.10849992434184      -7.939819336865837E-002
   6.91149989763896        5.40899991989136      -7.628610600069451E-002
   6.91149989763896        5.70949991544088      -7.372028659351029E-002
   6.91149989763896        6.00999991099040      -7.153619784160289E-002
   6.91149989763896        6.31049990653992      -6.941496777077324E-002
   6.91149989763896        6.61099990208944      -6.687946364675768E-002
   6.91149989763896        6.91149989763896      -6.428979177935294E-002
   6.91149989763896        7.21199989318848      -6.291006671917961E-002
   7.21199989318848       0.000000000000000E+000 -9.056791986241397E-002
   7.21199989318848       0.300499995549520      -9.285890709408905E-002
   7.21199989318848       0.600999991099040      -9.290757423500727E-002
   7.21199989318848       0.901499986648560      -9.297231801861727E-002
   7.21199989318848        1.20199998219808      -9.303205252383422E-002
   7.21199989318848        1.50249997774760      -9.303519506162983E-002
   7.21199989318848        1.80299997329712      -9.293143463194195E-002
   7.21199989318848        2.10349996884664      -9.269543913135604E-002
   7.21199989318848        2.40399996439616      -9.234289297136451E-002
   7.21199989318848        2.70449995994568      -9.197377158343979E-002
   7.21199989318848        3.00499995549520      -9.179949878650856E-002
   7.21199989318848        3.30549995104472      -9.198755839701536E-002
   7.21199989318848        3.60599994659424      -9.188964951995755E-002
   7.21199989318848        3.90649994214376      -8.913612151186369E-002
   7.21199989318848        4.20699993769328      -8.584250182977375E-002
   7.21199989318848        4.50749993324280      -8.156416371250333E-002
   7.21199989318848        4.80799992879232      -7.754452621061915E-002
   7.21199989318848        5.10849992434184      -7.414391226811234E-002
   7.21199989318848        5.40899991989136      -7.137327277111595E-002
   7.21199989318848        5.70949991544088      -6.920623984705478E-002
   7.21199989318848        6.00999991099040      -6.751503395020876E-002
   7.21199989318848        6.31049990653992      -6.607804421428325E-002
   7.21199989318848        6.61099990208944      -6.459790140289670E-002
   7.21199989318848        6.91149989763896      -6.291118150200660E-002
   7.21199989318848        7.21199989318848      -6.052004405294230E-002
